erro 0.0186499
-6.78244 2.77344 -5.70981 8.37326 16.1471 -36.9259 -4.45625 1.98382 9.64503 -7.78865 0.150458 11.8923 5.73961
2.55419 -3.75631 -5.51069 2.43397 -1.67035 -1.316 3.82848 0.358653 -1.99958 -2.52085 -0.000139239 1.00288 0.767977
-0.248399 0.511023 -0.364324 0.229644 -0.585256 0.12032 -1.4173 -0.491396 -0.108502 -0.384614 -0.249845 -0.279531 -0.419822
28.3176 -1.52883 35.6845 17.0448 33.2965 -2.85971 44.0261 1.79803 -2.44274 17.814 34.5618 -1.24394 7.51382
-0.102121 0.258099 0.323996 -0.0186073 0.264649 -0.443387 -0.175098 -0.493916 -0.462813 0.553994 0.294248 -0.0412945 0.474928
0.293015 0.109212 -0.110997 0.349754 0.48854 -0.142368 0.0909734 0.236941 -0.210478 0.322459 0.445114 0.434138 -0.331406
-0.189687 -0.0109646 -0.665167 -0.0194787 -0.650668 -0.0592889 0.300069 0.3666 0.372725 -0.0121258 0.552101 -0.517781 0.0589604
0.472671 -0.401533 -0.107454 0.0225117 -0.417748 -0.314439 -0.368277 -0.0287448 -0.464685 -0.379737 0.328887 0.126288 0.357204
-0.381591 -0.0512526 0.302318 -0.447453 0.117342 0.354029 -0.443787 0.167723 0.0319269 -0.393409 0.425931 -0.385744 0.328533
0.162946 -0.0538925 0.227899 0.314692 0.491064 0.20057 0.413159 -0.11639 -0.276918 0.495411 0.0691705 -0.145195 -0.0333333
0.104274 -0.0249041 -0.204536 -0.268858 -0.16771 -0.0860325 0.179347 -0.36541 -0.0335832 -0.203027 0.488848 0.0227185 0.464577
0.0205452 0.129313 0.390516 0.134801 -0.0421549 0.0534624 -0.419092 -0.314256 -0.131846 -0.428028 0.386315 -0.218687 -0.0444182
-0.390603 -0.223275 -0.475248 -0.035798 0.243392 0.129237 0.43927 -0.461055 0.360011 -0.228458 -0.0470926 0.0395316 -0.0938683
0.419417 0.336394 -0.10525 -0.0578613 0.300979 0.415295 -0.428549 0.191495 0.0500962 0.0292965 -0.255043 0.131005 0.215041
0.113112 0.202977 0.101355 0.394425 -0.341441 0.210752 -0.32885 -0.316689 -0.325046 0.414542 0.312548 -0.385776 0.453487
0.172559 -0.114234 -0.0936059 -0.287909 0.291898 -0.174189 -0.451515 -0.313352 0.267949 0.349464 -0.398057 0.339401 0.0409587
0.152039 -0.131303 0.285916 -0.216956 -0.416262 -0.100972 0.486021 0.185093 -0.206547 -0.355421 -0.104155 -0.0353971 -0.17211
0.0707992 -0.120856 -0.359562 0.185023 -0.167369 0.312998 -0.429211 0.239025 -0.474912 0.362687 -0.435164 -0.426427 -0.450665
0.332785 0.423037 -0.348722 0.172186 -0.0360046 0.303318 -0.459117 -0.250089 -0.413638 -0.375379 0.148939 -0.427617 0.309714
0.442392 -0.283038 -0.29444 -0.0930051 0.0448524 0.276359 0.286139 0.185291 -0.0386179 -0.38123 -0.00171152 0.0321714 0.357796
1.16175 0.428101 0.914378 0.55324 0.0293412 0.106706 -0.372745 0.24588 -0.404745 0.447444 -0.544672 0.294524 -0.225977
-0.0147663 0.0938975 0.382423 0.0569143 -0.0975403 0.325508 0.274565 0.108347 -0.268067 -0.180934 -0.115494 -0.48158 -0.495592
0.346123 -0.362871 0.00292778 -0.121706 0.494925 -0.473695 0.273153 0.417556 0.123254 -0.282654 0.172973 -0.356759 0.312818
-0.399424 -0.372778 -0.288392 0.0690621 -0.138884 0.196759 -0.33783 -0.256052 -0.245707 0.0649918 -0.430828 -0.471211 -0.326626
-0.106078 -0.856028 -0.814341 0.126598 0.199149 -0.206729 0.593494 -0.161439 0.791867 -0.274799 0.61751 -0.547062 -0.193417
0.00526193 0.27303 -0.457668 0.148503 0.0858484 -0.357092 0.275726 0.297456 0.21197 -0.363158 -0.0057854 0.37414 -0.11921
0.248507 -0.0608684 -0.0500381 0.277296 0.112505 0.251353 -0.374567 -0.329381 -0.428897 -0.0217907 0.0748563 0.0279824 -0.166087
-0.142562 0.479786 -0.283983 0.413071 -0.150831 0.221184 0.186088 -0.108522 -0.130325 -0.22798 0.0344037 -0.354586 -0.430594
-2.90447e+21 1.84605e+20 -3.69575e+21 -1.73262e+21 -3.50061e+21 2.67813e+20 -4.57656e+21 -2.0357e+20 2.13732e+20 -1.90278e+21 -3.56475e+21 1.42895e+20 -8.30918e+20
0.435464 0.193067 0.417608 -0.0365532 -0.47302 -0.225004 -0.0567673 -0.257098 -0.311933 0.292378 0.464087 0.374169 -0.316144
-0.180629 -0.373197 0.190538 -0.0152593 -0.302879 0.451955 0.245562 0.267647 -0.405572 -0.065779 -0.421993 0.136152 0.0311865
0.100196 0.756734 0.318526 -0.269773 -0.619496 -0.382791 -0.670455 -1.11654 0.719067 -0.352984 0.335957 -0.515363 -0.138574
-8.80672e+26 5.59746e+25 -1.1206e+27 -5.25354e+26 -1.06143e+27 8.12044e+25 -1.38767e+27 -6.1725e+25 6.48063e+25 -5.76948e+26 -1.08088e+27 4.33277e+25 -2.51945e+26
-7.54892e+15 4.79802e+14 -9.60552e+15 -4.50321e+15 -9.09834e+15 6.96066e+14 -1.18948e+16 -5.29093e+14 5.55505e+14 -4.94547e+15 -9.26505e+15 3.71396e+14 -2.15962e+15
-0.10106 -0.0730165 -0.46123 0.142943 0.285487 0.0790464 0.179324 -0.391923 0.493491 0.399561 0.264442 0.0540548 0.338039
-1.06813e+22 6.78894e+20 -1.35913e+22 -6.3718e+21 -1.28737e+22 9.84896e+20 -1.68305e+22 -7.48638e+20 7.8601e+20 -6.99757e+21 -1.31095e+22 5.25505e+20 -3.05574e+21
-14.4495 20.6934 0.31113 -12.4822 2.5079 -10.0132 -5.00697 -3.55894 -13.8966 -11.1407 7.44521 -10.8632 3.78997 11.3984 -6.33159 -2.12031 4.64344 -0.204901 -7.84773 -7.55302 27.0476 5.00485 -10.6316 -0.8296 17.0873 14.0463 -1.04339 -7.37226 -0.13066 11.0552 -16.073 14.3898 -0.151118 0.329165 7.1395 -0.047113 -13.2945
