2,565835 -2,823490 6,283185 0,411973 -0,704018 6,283185 3,625250 -0,440726 3,141593 5,886381 -0,581729 3,141593 2,541136 0,399257 6,283185 -2,619032 -1,024861 6,283185 -2,196325 1,102496 6,283185 -5,841702 -0,148728 6,283185 5,161592 -1,371630 3,141593 3,775239 0,032121 3,141593 0,160163 -0,131250 3,141593 4,563613 0,986388 3,141593 1 0
3,283331 -2,408781 6,283185 2,541136 0,399257 6,283185 3,625250 -0,440726 3,141593 5,886381 -0,581729 3,141593 0,411973 -0,704018 6,283185 -2,619031 -1,024861 6,283185 -2,196326 1,102496 6,283185 -5,841702 -0,148728 6,283185 5,161592 -1,371631 3,141593 3,775239 0,032121 3,141593 4,563612 0,986388 3,141593 0,160163 -0,131250 3,141593 1 0
3,463954 -2,155142 6,283185 2,541136 0,399257 6,283185 3,625250 -0,440726 3,141593 5,886381 -0,581729 3,141593 0,411973 -0,704018 6,283185 -2,619032 -1,024861 6,283185 -2,196326 1,102496 6,283185 -5,841702 -0,148728 6,283185 5,161592 -1,371631 3,141593 3,775239 0,032121 3,141593 4,563612 0,986388 3,141593 0,160163 -0,131250 3,141593 1 0
3,921052 -1,670208 6,283185 2,541136 0,399257 6,283185 3,625250 -0,440726 3,141593 5,886380 -0,581729 3,141593 0,411973 -0,704018 6,283185 -2,619031 -1,024861 6,283185 -2,196325 1,102496 6,283185 -5,841702 -0,148728 6,283185 5,161591 -1,371630 3,141593 3,775239 0,032121 3,141593 4,563612 0,986388 3,141593 0,160163 -0,131250 3,141593 1 0
3,921052 -1,670208 6,283185 2,541136 0,399257 6,283185 4,364068 -0,632542 3,141593 5,886380 -0,581729 3,141593 0,411973 -0,704018 6,283185 -2,619031 -1,024861 6,283185 -2,196326 1,102496 6,283185 -5,841702 -0,148728 6,283185 5,161592 -1,371631 3,141593 4,374955 -0,148728 3,141593 4,563612 0,986388 3,141593 0,160163 -0,131250 3,141593 1 0
4,667126 -1,454592 6,283185 2,541136 0,399257 6,283185 5,161592 -1,371631 3,141593 5,886381 -0,581729 3,141593 0,411973 -0,704018 6,283185 -2,619032 -1,024861 6,283185 -2,196326 1,102496 6,283185 -5,841703 -0,148728 6,283185 4,364067 -0,632542 3,141593 4,374954 -0,148728 3,141593 4,563612 0,986388 3,141593 0,160163 -0,131250 3,141593 1 0
4,667126 -1,454592 6,283185 2,541136 0,399257 6,283185 4,645649 -1,259972 3,141593 5,827241 0,650098 3,141593 0,411973 -0,704018 6,283185 -2,619031 -1,024861 6,283185 -2,196325 1,102496 6,283185 -5,841702 -0,148728 6,283185 4,446010 -1,389178 3,141593 5,024753 -1,654159 3,141593 4,563612 0,986388 3,141593 0,160163 -0,131250 3,141593 1 0
4,667126 -1,454592 6,283185 2,541136 0,399257 6,283185 4,645648 -1,259972 3,141593 5,955647 0,431784 3,141593 0,411973 -0,704018 6,283185 -2,619031 -1,024861 6,283185 -2,196326 1,102496 6,283185 -5,841703 -0,148728 6,283185 4,446009 -1,389178 3,141593 5,024753 -1,654159 3,141593 4,563613 0,986388 3,141593 0,160163 -0,131250 3,141593 1 0
4,667126 -1,454592 6,283185 2,541136 0,399257 6,283185 4,645649 -1,259972 3,141593 5,925870 -0,014889 3,141593 0,411973 -0,704018 6,283185 -2,619031 -1,024861 6,283185 -2,196326 1,102496 6,283185 -5,841702 -0,148728 6,283185 4,446009 -1,389178 3,141593 5,024753 -1,654159 3,141593 4,563612 0,986388 3,141593 0,160163 -0,131250 3,141593 1 0
4,667126 -1,454592 6,283185 2,541136 0,399257 6,283185 4,645648 -1,259972 3,141593 5,866313 -0,461563 3,141593 0,411973 -0,704018 6,283185 -2,619032 -1,024861 6,283185 -2,196326 1,102496 6,283185 -5,841703 -0,148728 6,283185 4,446009 -1,389178 3,141593 5,024753 -1,654159 3,141593 4,563612 0,986388 3,141593 0,160163 -0,131250 3,141593 1 0
4,667126 -1,454592 6,283185 2,541136 0,399257 6,283185 4,645648 -1,259972 3,141593 5,866313 -0,640232 3,141593 0,411973 -0,704018 6,283185 -2,619032 -1,024861 6,283185 -2,196326 1,102496 6,283185 -5,841702 -0,148728 6,283185 4,446009 -1,389178 3,141593 5,024753 -1,654159 3,141593 4,563612 0,986388 3,141593 0,160163 -0,131250 3,141593 1 0
4,667126 -1,454592 6,283185 2,541136 0,399257 6,283185 4,288066 -1,146462 3,141593 5,866313 -0,640232 3,141593 0,411973 -0,704018 6,283185 -2,619032 -1,024861 6,283185 -2,196326 1,102496 6,283185 -5,841702 -0,148728 6,283185 5,300527 -1,295354 3,141593 4,615627 -0,789123 3,141593 4,563612 0,986388 3,141593 0,160163 -0,131250 3,141593 1 0
4,667126 -1,454592 6,283185 5,181413 -2,158923 6,283185 4,615627 -1,712249 3,141593 5,896091 0,282893 3,141593 0,411973 -0,704018 6,283185 -2,619032 -1,024861 6,283185 -2,196326 1,102496 6,283185 -5,841702 -0,148728 6,283185 4,288067 -1,146462 3,141593 5,300527 -1,295353 3,141593 4,615627 -0,789123 3,141593 0,160163 -0,131250 3,141593 1 0
4,667126 -1,454592 6,283185 5,181413 -2,158922 6,283185 4,615627 -1,712249 3,141593 5,890521 -0,522591 3,141593 0,411973 -0,704018 6,283185 -2,619031 -1,024861 6,283185 -2,196326 1,102496 6,283185 -5,841702 -0,148728 6,283185 4,288066 -1,146462 3,141593 5,300526 -1,295353 3,141593 4,615626 -0,789123 3,141593 0,160163 -0,131250 3,141593 1 0
4,667125 -1,454592 6,283185 5,181414 -2,158922 6,283185 4,615627 -1,712249 3,141593 5,890522 -0,522591 3,141593 0,411973 -0,704018 6,283185 -2,619032 -1,024861 6,283185 -2,196325 1,102496 6,283185 -5,841703 -0,148728 6,283185 4,288066 -1,146462 3,141593 4,615626 -0,789123 3,141593 4,424176 -2,133640 3,141593 0,160163 -0,131250 3,141593 1 0
4,667126 -1,454592 6,283185 4,663438 0,820726 6,283185 4,288067 -1,146462 3,141593 5,890521 -0,522591 3,141593 0,411973 -0,704018 6,283185 -2,619032 -1,024861 6,283185 -2,196325 1,102496 6,283185 -5,841702 -0,148728 6,283185 4,615626 -0,789123 3,141593 4,424176 -2,133640 3,141593 4,872837 -2,343037 3,141593 0,160163 -0,131250 3,141593 1 0
1,963474 -0,223899 6,283185 0,411973 -0,704018 6,283185 1,783950 -0,492450 3,141593 5,890521 -0,522591 3,141593 4,137674 -2,027752 6,283185 -2,196325 1,102496 6,283185 -2,619032 -1,024861 6,283185 -5,841703 -0,148728 6,283185 3,582627 -0,106077 3,141593 0,160163 -0,131250 3,141593 3,997310 -0,858316 3,141593 3,884244 0,733447 3,141593 0 1
1,963474 -0,223899 6,283185 0,411973 -0,704018 6,283185 1,783949 -0,492450 3,141593 5,856144 0,004491 3,141593 4,221051 2,301338 6,283185 -2,196326 1,102496 6,283185 -2,619031 -1,024861 6,283185 -5,841702 -0,148728 6,283185 3,582627 -0,106077 3,141593 0,160163 -0,131250 3,141593 3,997310 -0,858316 3,141593 3,884244 0,733447 3,141593 0 1
3,660442 0,454716 6,283185 4,221051 2,301338 6,283185 3,884244 0,733447 3,141593 5,856146 0,004491 3,141593 0,411973 -0,704018 6,283185 -2,196326 1,102496 6,283185 -2,619032 -1,024861 6,283185 -5,841703 -0,148728 6,283185 3,582628 -0,106077 3,141593 3,997310 -0,858316 3,141593 1,783950 -0,492450 3,141593 0,160163 -0,131250 3,141593 1 0
4,645382 0,073542 6,283185 4,612888 -0,584358 6,283185 4,351852 0,199769 3,141593 5,849849 0,520001 3,141593 -1,501516 -1,120000 6,283185 -3,008962 1,227750 6,283185 -4,145023 -0,923276 6,283185 -5,835446 0,005094 6,283185 4,539308 0,666592 3,141593 4,736771 1,026715 3,141593 4,531485 -1,320043 3,141593 0,298543 -0,857766 3,141593 1 0
4,686091 1,285423 6,283185 4,302055 1,184011 6,283185 5,077879 1,373591 3,141593 5,849849 0,520001 3,141593 -1,501516 -1,120000 6,283185 -3,008962 1,227750 6,283185 -4,145022 -0,923276 6,283185 -5,835446 0,005094 6,283185 4,539308 0,666592 3,141593 4,351852 0,199769 3,141593 4,531485 -1,320043 3,141593 0,298543 -0,857766 3,141593 1 0
4,686091 1,285423 6,283185 4,302054 1,184011 6,283185 5,077879 1,373591 3,141593 5,784278 0,555915 3,141593 -1,501516 -1,120000 6,283185 -3,008962 1,227750 6,283185 -4,145022 -0,923276 6,283185 -5,835446 0,005094 6,283185 4,539308 0,666592 3,141593 4,351852 0,199769 3,141593 4,531485 -1,320043 3,141593 0,298543 -0,857766 3,141593 1 0
4,686091 1,285423 6,283185 4,302054 1,184011 6,283185 4,893297 1,433745 3,141593 5,784278 0,555915 3,141593 -1,501516 -1,120000 6,283185 -3,008961 1,227750 6,283185 -4,145022 -0,923276 6,283185 -5,835446 0,005094 6,283185 4,603978 0,995749 3,141593 4,351852 0,199769 3,141593 4,531485 -1,320043 3,141593 0,298543 -0,857766 3,141593 1 0
4,283428 2,321440 6,283185 3,468517 -0,742043 6,283185 3,957797 2,284348 3,141593 5,784278 0,555915 3,141593 -1,501516 -1,120000 6,283185 -3,008962 1,227750 6,283185 -4,145022 -0,923276 6,283185 -5,835446 0,005094 6,283185 5,138229 1,404819 3,141593 4,351852 0,199769 3,141593 4,531485 -1,320043 3,141593 0,298543 -0,857766 3,141593 1 0
4,283428 2,321440 6,283185 4,595438 0,478143 6,283185 3,957797 2,284348 3,141593 5,784278 0,555915 3,141593 -1,501516 -1,120000 6,283185 -3,008962 1,227750 6,283185 -4,145022 -0,923276 6,283185 -5,835446 0,005094 6,283185 5,138229 1,404819 3,141593 4,351852 0,199769 3,141593 4,531485 -1,320043 3,141593 0,298543 -0,857766 3,141593 0 1
4,665976 0,016596 6,283185 4,595437 0,478143 6,283185 4,351852 0,199769 3,141593 5,773978 -0,034379 3,141593 -1,501516 -1,120000 6,283185 -3,008962 1,227750 6,283185 -4,145022 -0,923276 6,283185 -5,835446 0,005094 6,283185 4,531485 -1,320043 3,141593 5,138228 1,404819 3,141593 3,957797 2,284348 3,141593 0,298543 -0,857766 3,141593 1 0
4,610813 0,984606 6,283185 4,595437 0,478143 6,283185 5,138229 1,404819 3,141593 5,773977 -0,034379 3,141593 -1,501516 -1,120000 6,283185 -3,008962 1,227750 6,283185 -4,145022 -0,923276 6,283185 -5,835446 0,005094 6,283185 4,351852 0,199769 3,141593 3,957797 2,284348 3,141593 4,531485 -1,320043 3,141593 0,298543 -0,857766 3,141593 1 0
4,865210 1,265021 6,283185 4,595437 0,478143 6,283185 5,138229 1,404819 3,141593 5,773977 -0,034379 3,141593 -1,501516 -1,120000 6,283185 -3,008962 1,227750 6,283185 -4,145022 -0,923276 6,283185 -5,835446 0,005094 6,283185 4,351852 0,199769 3,141593 3,957797 2,284348 3,141593 4,531485 -1,320043 3,141593 0,298543 -0,857766 3,141593 1 0
5,455546 1,310323 6,283185 4,595437 0,478143 6,283185 5,138229 1,404819 3,141593 5,773978 -0,034379 3,141593 -1,501516 -1,120000 6,283185 -3,008962 1,227750 6,283185 -4,145022 -0,923276 6,283185 -5,835446 0,005094 6,283185 4,351852 0,199769 3,141593 3,957797 2,284348 3,141593 4,531485 -1,320043 3,141593 0,298543 -0,857766 3,141593 1 0
5,455546 1,310323 6,283185 5,078895 1,628609 6,283185 4,781024 1,541275 3,141593 5,773977 -0,034379 3,141593 -1,501516 -1,120000 6,283185 -3,008962 1,227750 6,283185 -4,145022 -0,923276 6,283185 -5,835446 0,005094 6,283185 4,351852 0,199769 3,141593 3,957797 2,284348 3,141593 4,531485 -1,320043 3,141593 0,298543 -0,857766 3,141593 1 0
5,515784 1,344887 6,283185 5,078896 1,628609 6,283185 4,781024 1,541275 3,141593 5,862792 -0,116235 3,141593 -1,501516 -1,120000 6,283185 -3,008962 1,227750 6,283185 -4,145022 -0,923276 6,283185 -5,835446 0,005094 6,283185 4,351852 0,199769 3,141593 3,957797 2,284348 3,141593 4,531485 -1,320043 3,141593 0,298543 -0,857766 3,141593 1 0
5,515783 1,344887 6,283185 5,078895 1,628609 6,283185 4,781024 1,541275 3,141593 5,841235 -0,509621 3,141593 -1,501516 -1,120000 6,283185 -3,008962 1,227750 6,283185 -4,145022 -0,923276 6,283185 -5,835446 0,005094 6,283185 4,351852 0,199769 3,141593 3,957797 2,284348 3,141593 4,531485 -1,320043 3,141593 0,298543 -0,857766 3,141593 1 0
5,515783 1,344887 6,283185 5,078895 1,628609 6,283185 5,538177 1,644336 3,141593 5,841234 -0,509621 3,141593 -1,501516 -1,120000 6,283185 -3,008962 1,227750 6,283185 -4,145022 -0,923276 6,283185 -5,835446 0,005094 6,283185 4,781024 1,541275 3,141593 3,957797 2,284348 3,141593 4,531485 -1,320043 3,141593 0,298543 -0,857766 3,141593 1 0
5,515783 1,344887 6,283185 5,078895 1,628609 6,283185 5,538177 1,644336 3,141593 5,773405 0,124518 3,141593 -1,501516 -1,120000 6,283185 -3,008962 1,227750 6,283185 -4,145022 -0,923276 6,283185 -5,835446 0,005094 6,283185 4,781024 1,541275 3,141593 3,957797 2,284348 3,141593 4,531485 -1,320043 3,141593 0,298543 -0,857766 3,141593 1 0
5,515783 1,344887 6,283185 5,078895 1,628610 6,283185 4,781024 1,541275 3,141593 5,773404 0,124518 3,141593 -1,501516 -1,120000 6,283185 -3,008962 1,227750 6,283185 -4,145022 -0,923276 6,283185 -5,835446 0,005094 6,283185 5,039714 2,224718 3,141593 3,957797 2,284348 3,141593 4,531485 -1,320043 3,141593 0,298543 -0,857766 3,141593 1 0
3,785052 0,623785 6,283185 5,078895 1,628610 6,283185 4,781024 1,541275 3,141593 5,773404 0,124518 3,141593 -1,501516 -1,120000 6,283185 -3,008962 1,227750 6,283185 -4,145022 -0,923276 6,283185 -5,835446 0,005094 6,283185 3,957797 2,284348 3,141593 5,039715 2,224718 3,141593 4,531485 -1,320043 3,141593 0,298543 -0,857766 3,141593 1 0
3,785052 0,623785 6,283185 4,378635 2,269231 6,283185 3,653614 0,897262 3,141593 5,773404 0,124518 3,141593 -1,501516 -1,120000 6,283185 -3,008962 1,227750 6,283185 -4,145022 -0,923276 6,283185 -5,835446 0,005094 6,283185 3,957797 2,284348 3,141593 5,039714 2,224718 3,141593 4,531485 -1,320043 3,141593 0,298543 -0,857766 3,141593 1 0
3,659981 1,710257 6,283185 4,378635 2,269231 6,283185 3,957797 2,284348 3,141593 5,773405 0,124518 3,141593 -1,501516 -1,120000 6,283185 -3,008962 1,227750 6,283185 -4,145022 -0,923276 6,283185 -5,835446 0,005094 6,283185 3,653614 0,897262 3,141593 5,039714 2,224718 3,141593 4,531485 -1,320043 3,141593 0,298543 -0,857766 3,141593 1 0
3,659981 1,710257 6,283185 3,226029 -1,137719 6,283185 4,553324 0,739573 3,141593 5,773404 0,124518 3,141593 -1,501516 -1,120000 6,283185 -3,008962 1,227750 6,283185 -4,145022 -0,923276 6,283185 -5,835446 0,005094 6,283185 5,039714 2,224718 3,141593 4,578137 0,358426 3,141593 4,627357 0,029051 3,141593 0,298543 -0,857766 3,141593 1 0
4,190984 1,268630 6,283185 3,226029 -1,137719 6,283185 4,553324 0,739573 3,141593 5,773405 0,124518 3,141593 -1,501516 -1,120000 6,283185 -3,008962 1,227750 6,283185 -4,145022 -0,923276 6,283185 -5,835446 0,005094 6,283185 4,578138 0,358426 3,141593 5,039715 2,224718 3,141593 4,627357 0,029051 3,141593 0,298543 -0,857766 3,141593 1 0
3,226029 2,684129 6,283185 3,226029 -1,137719 6,283185 3,904207 1,086565 3,141593 5,773405 0,124518 3,141593 -1,501516 -1,120000 6,283185 -3,008962 1,227750 6,283185 -4,145022 -0,923276 6,283185 -5,835446 0,005094 6,283185 2,231616 0,901488 3,141593 4,183432 -0,692434 3,141593 1,246429 -1,390763 3,141593 0,298543 -0,857766 3,141593 1 0
4,479972 1,216119 6,283185 3,226029 -1,137719 6,283185 3,904207 1,086566 3,141593 5,773405 0,124518 3,141593 -1,501516 -1,120000 6,283185 -3,008962 1,227750 6,283185 -4,145022 -0,923276 6,283185 -5,835446 0,005094 6,283185 4,183432 -0,692434 3,141593 2,231616 0,901488 3,141593 1,246429 -1,390763 3,141593 0,298543 -0,857766 3,141593 1 0
4,479972 1,216119 6,283185 4,142145 0,935787 6,283185 3,904207 1,086565 3,141593 5,773404 0,124518 3,141593 -1,501516 -1,120000 6,283185 -3,008962 1,227750 6,283185 -4,145022 -0,923276 6,283185 -5,835446 0,005094 6,283185 4,183432 -0,692434 3,141593 2,231616 0,901488 3,141593 1,246429 -1,390763 3,141593 0,298543 -0,857766 3,141593 1 0
4,479972 1,216120 6,283185 4,142145 0,935787 6,283185 3,904207 1,086565 3,141593 5,774211 0,523556 3,141593 -1,501516 -1,120000 6,283185 -3,008962 1,227750 6,283185 -4,145022 -0,923276 6,283185 -5,835446 0,005094 6,283185 4,183432 -0,692434 3,141593 2,231616 0,901488 3,141593 1,246429 -1,390763 3,141593 0,298543 -0,857766 3,141593 1 0
4,479972 1,216120 6,283185 4,142145 0,935787 6,283185 3,904208 1,086566 3,141593 5,764047 -0,445814 3,141593 -1,501516 -1,120000 6,283185 -3,008962 1,227750 6,283185 -4,145022 -0,923276 6,283185 -5,835446 0,005094 6,283185 4,183432 -0,692434 3,141593 2,231616 0,901488 3,141593 1,246429 -1,390763 3,141593 0,298543 -0,857766 3,141593 1 0
4,479972 1,216120 6,283185 4,142145 0,935787 6,283185 3,904208 1,086565 3,141593 5,852049 0,039575 3,141593 -1,501516 -1,120000 6,283185 -3,008962 1,227750 6,283185 -4,145022 -0,923276 6,283185 -5,835446 0,005094 6,283185 4,183432 -0,692434 3,141593 2,231616 0,901488 3,141593 1,246429 -1,390763 3,141593 0,298543 -0,857766 3,141593 1 0
4,479972 1,216120 6,283185 4,142145 0,935787 6,283185 4,565084 1,484245 3,141593 5,852048 0,039575 3,141593 -1,501516 -1,120000 6,283185 -3,008962 1,227750 6,283185 -4,145022 -0,923276 6,283185 -5,835446 0,005094 6,283185 3,904207 1,086565 3,141593 2,231616 0,901488 3,141593 1,246429 -1,390763 3,141593 0,298543 -0,857766 3,141593 1 0
5,089560 1,466463 6,283185 4,544426 1,008003 6,283185 4,565084 1,484245 3,141593 5,852048 0,039575 3,141593 -1,501516 -1,120000 6,283185 -3,008962 1,227750 6,283185 -4,145022 -0,923276 6,283185 -5,835446 0,005094 6,283185 3,904207 1,086565 3,141593 2,231616 0,901488 3,141593 1,246429 -1,390763 3,141593 0,298543 -0,857766 3,141593 1 0
5,089560 1,466463 6,283185 4,544426 1,008003 6,283185 4,565084 1,484245 3,141593 5,818945 0,492527 3,141593 -1,501516 -1,120000 6,283185 -3,008962 1,227750 6,283185 -4,145022 -0,923276 6,283185 -5,835446 0,005094 6,283185 3,904207 1,086565 3,141593 2,231616 0,901488 3,141593 1,246429 -1,390763 3,141593 0,298543 -0,857766 3,141593 1 0
3,418493 0,519754 6,283185 4,544426 1,008003 6,283185 3,904207 1,086565 3,141593 5,818945 0,492527 3,141593 -1,501516 -1,120000 6,283185 -3,008962 1,227750 6,283185 -4,145022 -0,923276 6,283185 -5,835446 0,005094 6,283185 2,231616 0,901488 3,141593 4,565084 1,484245 3,141593 1,246429 -1,390763 3,141593 0,298543 -0,857766 3,141593 1 0
4,406184 0,291852 6,283185 4,544426 1,008003 6,283185 3,904207 1,086565 3,141593 5,818945 0,492527 3,141593 -1,501516 -1,120000 6,283185 -3,008962 1,227750 6,283185 -4,145022 -0,923276 6,283185 -5,835446 0,005094 6,283185 4,565085 1,484245 3,141593 2,231616 0,901488 3,141593 1,246429 -1,390763 3,141593 0,298543 -0,857766 3,141593 1 0
4,406184 0,291852 6,283185 4,544426 1,008003 6,283185 3,904208 1,086565 3,141593 5,500526 -0,032639 3,141593 -1,501516 -1,120000 6,283185 -3,008962 1,227750 6,283185 -4,145022 -0,923276 6,283185 -5,835446 0,005094 6,283185 4,565084 1,484245 3,141593 2,231616 0,901488 3,141593 1,246429 -1,390763 3,141593 0,298543 -0,857766 3,141593 1 0
4,406184 0,291852 6,283185 4,544426 1,008003 6,283185 3,904207 1,086566 3,141593 5,607910 0,154757 3,141593 -1,501516 -1,120000 6,283185 -3,008962 1,227750 6,283185 -4,145022 -0,923276 6,283185 -5,835446 0,005094 6,283185 4,565084 1,484245 3,141593 2,231616 0,901488 3,141593 1,246429 -1,390763 3,141593 0,298543 -0,857766 3,141593 1 0
4,406183 0,291852 6,283185 4,544426 1,008003 6,283185 4,277082 0,130103 3,141593 5,607910 0,154757 3,141593 -1,501516 -1,120000 6,283185 -3,008961 1,227750 6,283185 -4,145022 -0,923276 6,283185 -5,835446 0,005094 6,283185 4,207001 0,525468 3,141593 2,231616 0,901488 3,141593 1,246429 -1,390763 3,141593 0,298543 -0,857766 3,141593 1 0
4,406184 0,291852 6,283185 3,666556 1,187873 6,283185 4,277082 0,130103 3,141593 5,607910 0,154757 3,141593 -1,501516 -1,120000 6,283185 -3,008962 1,227750 6,283185 -4,145022 -0,923276 6,283185 -5,835446 0,005094 6,283185 4,207001 0,525468 3,141593 2,231616 0,901488 3,141593 1,246429 -1,390763 3,141593 0,298543 -0,857766 3,141593 1 0
4,674323 0,926581 6,283185 3,666556 1,187873 6,283185 4,207001 0,525468 3,141593 5,607910 0,154757 3,141593 -1,501516 -1,120000 6,283185 -3,008962 1,227750 6,283185 -4,145022 -0,923276 6,283185 -5,835446 0,005094 6,283185 4,277082 0,130103 3,141593 2,231616 0,901488 3,141593 1,246429 -1,390763 3,141593 0,298543 -0,857766 3,141593 1 0
4,674322 0,926581 6,283185 4,606685 1,300038 6,283185 4,617450 0,683315 3,141593 5,607910 0,154757 3,141593 -1,501516 -1,120000 6,283185 -3,008962 1,227750 6,283185 -4,145022 -0,923276 6,283185 -5,835446 0,005094 6,283185 4,207001 0,525468 3,141593 2,231616 0,901488 3,141593 1,246429 -1,390763 3,141593 0,298543 -0,857766 3,141593 1 0
4,674322 0,926581 6,283185 4,606685 1,300038 6,283185 4,617450 0,683315 3,141593 5,806284 0,418183 3,141593 -1,501516 -1,120000 6,283185 -3,008962 1,227750 6,283185 -4,145022 -0,923276 6,283185 -5,835446 0,005094 6,283185 4,207001 0,525468 3,141593 2,231616 0,901488 3,141593 1,246429 -1,390763 3,141593 0,298543 -0,857766 3,141593 1 0
0,962343 0,803743 6,283185 2,599855 -1,465688 6,283185 1,615170 0,886424 3,141593 5,881436 -0,065452 3,141593 -1,500064 -1,120000 6,283185 -4,002516 0,881618 6,283185 -4,040689 -1,595985 6,283185 -5,736381 -0,019798 6,283185 3,601253 -0,307133 3,141593 1,910709 -1,971673 3,141593 4,551279 0,250026 3,141593 4,570358 -0,315590 3,141593 0 1
0,962343 0,803743 6,283185 1,265391 -0,867004 6,283185 1,615170 0,886424 3,141593 5,881436 -0,065452 3,141593 -1,500064 -1,120000 6,283185 -4,002516 0,881618 6,283185 -4,040689 -1,595985 6,283185 -5,736381 -0,019798 6,283185 1,829194 -1,134177 3,141593 3,601253 -0,307133 3,141593 4,551279 0,250026 3,141593 4,570358 -0,315590 3,141593 0 1
0,962343 0,803743 6,283185 1,427496 -2,192713 6,283185 1,615170 0,886424 3,141593 5,881436 -0,065452 3,141593 -3,256834 -0,138943 6,283185 -4,002516 0,881618 6,283185 -4,040689 -1,595985 6,283185 -5,736381 -0,019798 6,283185 1,829194 -1,134177 3,141593 3,601253 -0,307133 3,141593 4,551279 0,250026 3,141593 4,570358 -0,315590 3,141593 0 1
0,962343 0,803743 6,283185 1,588099 -2,984548 6,283185 1,615170 0,886424 3,141593 5,881436 -0,065452 3,141593 -4,002516 0,881618 6,283185 -4,461267 -0,348642 6,283185 -4,040689 -1,595985 6,283185 -5,736381 -0,019798 6,283185 3,601253 -0,307133 3,141593 2,089177 -1,847723 3,141593 4,551279 0,250026 3,141593 4,570358 -0,315590 3,141593 0 1
0,962343 0,803743 6,283185 2,367063 -1,279318 6,283185 1,615170 0,886424 3,141593 5,881436 -0,065452 3,141593 -4,002516 0,881618 6,283185 -4,461267 -0,348643 6,283185 -4,040689 -1,595985 6,283185 -5,736381 -0,019798 6,283185 3,601253 -0,307133 3,141593 2,089177 -1,847723 3,141593 4,551279 0,250026 3,141593 4,570358 -0,315590 3,141593 0 1
2,367063 -1,279318 6,283185 2,942839 0,911457 6,283185 2,089177 -1,847723 3,141593 5,881436 -0,065452 3,141593 -4,040689 -1,595985 6,283185 -4,002516 0,881618 6,283185 -4,461267 -0,348642 6,283185 -5,736381 -0,019798 6,283185 3,700990 -0,799850 3,141593 1,615170 0,886424 3,141593 4,570358 -0,315590 3,141593 4,551279 0,250026 3,141593 0 1
2,367063 -1,279318 6,283185 3,321790 0,528490 6,283185 2,089177 -1,847723 3,141593 5,881436 -0,065452 3,141593 -4,040689 -1,595985 6,283185 -4,002516 0,881618 6,283185 -4,461267 -0,348643 6,283185 -5,736381 -0,019798 6,283185 3,700990 -0,799850 3,141593 1,615170 0,886424 3,141593 4,570358 -0,315590 3,141593 4,551279 0,250026 3,141593 0 1
2,367063 -1,279318 6,283185 3,321790 0,528490 6,283185 3,700990 -0,799850 3,141593 5,881436 -0,065452 3,141593 -4,040689 -1,595985 6,283185 -4,002516 0,881618 6,283185 -4,461267 -0,348642 6,283185 -5,736381 -0,019798 6,283185 1,615170 0,886424 3,141593 4,570358 -0,315590 3,141593 4,551279 0,250026 3,141593 0,233376 -3,214605 3,141593 0 1
2,592557 -0,966307 6,283185 3,321790 0,528490 6,283185 3,700990 -0,799850 3,141593 5,881436 -0,065452 3,141593 -4,040689 -1,595985 6,283185 -4,002516 0,881618 6,283185 -4,461267 -0,348643 6,283185 -5,736381 -0,019798 6,283185 4,570358 -0,315590 3,141593 1,615170 0,886424 3,141593 4,551279 0,250026 3,141593 0,233376 -3,214605 3,141593 0 1
2,592557 -0,966307 6,283185 3,321790 0,528490 6,283185 2,049616 -1,441604 3,141593 5,881436 -0,065452 3,141593 -4,040689 -1,595985 6,283185 -4,002516 0,881618 6,283185 -4,461267 -0,348643 6,283185 -5,736381 -0,019798 6,283185 3,700990 -0,799850 3,141593 4,570358 -0,315590 3,141593 1,615170 0,886424 3,141593 4,551279 0,250026 3,141593 0 1
2,592557 -0,966307 6,283185 3,740169 0,013894 6,283185 2,049615 -1,441604 3,141593 5,881436 -0,065452 3,141593 -4,040689 -1,595985 6,283185 -4,002516 0,881618 6,283185 -4,461267 -0,348643 6,283185 -5,736381 -0,019798 6,283185 3,700989 -0,799850 3,141593 4,570358 -0,315590 3,141593 1,615170 0,886424 3,141593 4,551279 0,250026 3,141593 0 1
2,592557 -0,966307 6,283185 3,785589 -1,329663 6,283185 2,049615 -1,441604 3,141593 5,881436 -0,065452 3,141593 -4,040689 -1,595985 6,283185 -4,002516 0,881618 6,283185 -4,461267 -0,348643 6,283185 -5,736381 -0,019798 6,283185 3,700990 -0,799850 3,141593 4,570358 -0,315590 3,141593 1,615170 0,886424 3,141593 4,551279 0,250026 3,141593 0 1
2,592557 -0,966307 6,283185 3,785588 -1,329663 6,283185 2,049615 -1,441604 3,141593 5,806129 -0,291184 3,141593 -4,040689 -1,595985 6,283185 -4,002516 0,881618 6,283185 -4,461267 -0,348643 6,283185 -5,736381 -0,019798 6,283185 3,700989 -0,799850 3,141593 4,570358 -0,315590 3,141593 1,615170 0,886424 3,141593 4,551279 0,250026 3,141593 0 1
2,592557 -0,966307 6,283185 4,209843 -1,931864 6,283185 2,049615 -1,441604 3,141593 5,806129 -0,291184 3,141593 -4,040689 -1,595985 6,283185 -4,002516 0,881618 6,283185 -4,461267 -0,348643 6,283185 -5,736381 -0,019798 6,283185 3,700990 -0,799850 3,141593 4,570358 -0,315590 3,141593 1,615170 0,886424 3,141593 4,551279 0,250026 3,141593 0 1
2,592557 -0,966307 6,283185 4,209843 -1,931864 6,283185 3,700990 -0,799850 3,141593 5,806129 -0,291184 3,141593 -4,040689 -1,595985 6,283185 -4,002516 0,881618 6,283185 -4,461267 -0,348643 6,283185 -5,736381 -0,019798 6,283185 4,570358 -0,315590 3,141593 1,615170 0,886424 3,141593 0,431237 -1,547131 3,141593 4,551279 0,250026 3,141593 0 1
2,592557 -0,966307 6,283185 4,182172 -1,390959 6,283185 3,700990 -0,799850 3,141593 5,806129 -0,291184 3,141593 -4,040689 -1,595985 6,283185 -4,002516 0,881618 6,283185 -4,461267 -0,348642 6,283185 -5,736381 -0,019798 6,283185 4,570358 -0,315590 3,141593 1,615170 0,886424 3,141593 0,431237 -1,547131 3,141593 4,551279 0,250026 3,141593 0 1
2,592557 -0,966307 6,283185 3,391603 -2,376605 6,283185 3,700990 -0,799850 3,141593 5,806129 -0,291184 3,141593 -4,040689 -1,595985 6,283185 -4,002516 0,881618 6,283185 -4,461267 -0,348643 6,283185 -5,736381 -0,019798 6,283185 4,570358 -0,315590 3,141593 1,615170 0,886424 3,141593 0,431237 -1,547131 3,141593 4,551279 0,250026 3,141593 0 1
2,592557 -0,966307 6,283185 3,391603 -2,376606 6,283185 2,066852 -1,505318 3,141593 5,806129 -0,291184 3,141593 -4,040689 -1,595985 6,283185 -4,002516 0,881618 6,283185 -4,461267 -0,348642 6,283185 -5,736381 -0,019798 6,283185 3,700990 -0,799850 3,141593 4,570358 -0,315590 3,141593 1,615170 0,886424 3,141593 4,551279 0,250026 3,141593 0 1
2,592557 -0,966307 6,283185 4,473668 -2,859020 6,283185 2,066852 -1,505318 3,141593 5,806129 -0,291184 3,141593 -4,040689 -1,595985 6,283185 -4,002516 0,881618 6,283185 -4,461267 -0,348643 6,283185 -5,736381 -0,019798 6,283185 3,700990 -0,799850 3,141593 4,570358 -0,315590 3,141593 1,615170 0,886424 3,141593 4,551279 0,250026 3,141593 0 1
2,592557 -0,966307 6,283185 4,473668 -2,859020 6,283185 3,700990 -0,799850 3,141593 5,806129 -0,291184 3,141593 -4,040689 -1,595985 6,283185 -4,002516 0,881618 6,283185 -4,461267 -0,348643 6,283185 -5,736381 -0,019798 6,283185 4,570358 -0,315590 3,141593 1,615170 0,886424 3,141593 4,551279 0,250026 3,141593 0,416072 -2,203794 3,141593 0 1
3,110388 0,849869 6,283185 4,721412 1,669935 6,283185 2,870819 1,180086 3,141593 5,806129 -0,291184 3,141593 -4,002516 0,881618 6,283185 -4,040689 -1,595985 6,283185 -4,461267 -0,348642 6,283185 -5,736381 -0,019798 6,283185 4,551279 0,250026 3,141593 3,700989 -0,799850 3,141593 4,570358 -0,315590 3,141593 1,934869 -2,023885 3,141593 0 1
3,110388 0,849869 6,283185 4,721413 1,669934 6,283185 2,870819 1,180086 3,141593 5,701035 0,166143 3,141593 -4,002516 0,881618 6,283185 -4,040689 -1,595985 6,283185 -4,461267 -0,348643 6,283185 -5,736381 -0,019798 6,283185 4,551279 0,250026 3,141593 3,700990 -0,799850 3,141593 4,570358 -0,315590 3,141593 1,934869 -2,023885 3,141593 0 1
3,110388 0,849869 6,283185 4,721413 1,669935 6,283185 2,870819 1,180086 3,141593 5,695903 0,488063 3,141593 -4,002516 0,881618 6,283185 -4,040689 -1,595985 6,283185 -4,461267 -0,348643 6,283185 -5,736381 -0,019798 6,283185 4,551279 0,250026 3,141593 3,700990 -0,799850 3,141593 4,570358 -0,315590 3,141593 1,934869 -2,023885 3,141593 0 1
3,110388 0,849869 6,283185 4,721412 1,669935 6,283185 2,870819 1,180086 3,141593 5,673903 0,424960 3,141593 -4,002516 0,881618 6,283185 -4,040689 -1,595985 6,283185 -4,461267 -0,348642 6,283185 -5,736381 -0,019798 6,283185 4,580853 0,733811 3,141593 4,551279 0,250026 3,141593 4,570358 -0,315590 3,141593 1,934869 -2,023885 3,141593 0 1
3,110388 0,849869 6,283185 3,625512 1,553606 6,283185 2,870819 1,180086 3,141593 5,673903 0,424960 3,141593 -4,002516 0,881618 6,283185 -4,040689 -1,595985 6,283185 -4,461267 -0,348643 6,283185 -5,736381 -0,019798 6,283185 4,580853 0,733811 3,141593 4,551279 0,250026 3,141593 4,570358 -0,315590 3,141593 1,934869 -2,023885 3,141593 0 1
3,110388 0,849869 6,283185 3,625511 1,553606 6,283185 4,580853 0,733811 3,141593 5,673903 0,424960 3,141593 -4,002516 0,881618 6,283185 -4,040689 -1,595985 6,283185 -4,461267 -0,348643 6,283185 -5,736381 -0,019798 6,283185 4,551279 0,250026 3,141593 4,570358 -0,315590 3,141593 0,660555 0,665774 3,141593 1,934869 -2,023885 3,141593 0 1
3,110388 0,849869 6,283185 4,058050 1,713730 6,283185 4,580853 0,733811 3,141593 5,673903 0,424960 3,141593 -4,002516 0,881618 6,283185 -4,040689 -1,595985 6,283185 -4,461267 -0,348643 6,283185 -5,736381 -0,019798 6,283185 4,551279 0,250026 3,141593 4,570358 -0,315590 3,141593 0,660555 0,665774 3,141593 1,934869 -2,023885 3,141593 0 1
3,110388 0,849869 6,283185 4,961888 1,340498 6,283185 4,580853 0,733811 3,141593 5,673902 0,424960 3,141593 -4,002516 0,881618 6,283185 -4,040689 -1,595985 6,283185 -4,461267 -0,348643 6,283185 -5,736381 -0,019798 6,283185 4,551279 0,250026 3,141593 4,570358 -0,315590 3,141593 0,660555 0,665774 3,141593 1,934869 -2,023885 3,141593 0 1
3,110388 0,849869 6,283185 5,327820 1,747630 6,283185 4,580853 0,733811 3,141593 5,673903 0,424960 3,141593 -4,002516 0,881618 6,283185 -4,040689 -1,595985 6,283185 -4,461267 -0,348643 6,283185 -5,736381 -0,019798 6,283185 4,551279 0,250026 3,141593 4,570358 -0,315590 3,141593 0,660555 0,665773 3,141593 1,934869 -2,023885 3,141593 0 1
3,110388 0,849869 6,283185 5,042594 2,513663 6,283185 4,580854 0,733811 3,141593 5,673903 0,424960 3,141593 -4,002516 0,881618 6,283185 -4,040689 -1,595985 6,283185 -4,461267 -0,348643 6,283185 -5,736381 -0,019798 6,283185 4,551279 0,250026 3,141593 4,570358 -0,315590 3,141593 0,660555 0,665774 3,141593 1,934869 -2,023885 3,141593 0 1
3,110388 0,849869 6,283185 4,084868 3,250548 6,283185 4,580853 0,733811 3,141593 5,673903 0,424960 3,141593 -4,002516 0,881618 6,283185 -4,040689 -1,595985 6,283185 -4,461267 -0,348642 6,283185 -5,736381 -0,019798 6,283185 4,551279 0,250026 3,141593 4,570358 -0,315590 3,141593 0,660555 0,665774 3,141593 1,934869 -2,023885 3,141593 0 1
3,110388 0,849869 6,283185 4,686281 -2,131987 6,283185 4,580853 0,733811 3,141593 5,673903 0,424960 3,141593 -4,002516 0,881618 6,283185 -4,040689 -1,595985 6,283185 -4,461267 -0,348643 6,283185 -5,736381 -0,019798 6,283185 4,551279 0,250026 3,141593 4,570358 -0,315590 3,141593 0,660555 0,665774 3,141593 1,934869 -2,023885 3,141593 0 1
3,110388 0,849869 6,283185 3,590447 -1,179773 6,283185 4,580854 0,733811 3,141593 5,673902 0,424960 3,141593 -4,002516 0,881618 6,283185 -4,040689 -1,595985 6,283185 -4,461267 -0,348643 6,283185 -5,736381 -0,019798 6,283185 4,551279 0,250026 3,141593 4,570358 -0,315590 3,141593 0,660555 0,665774 3,141593 1,934868 -2,023885 3,141593 0 1
3,110388 0,849869 6,283185 3,590447 -1,179773 6,283185 2,466012 0,874200 3,141593 5,673903 0,424960 3,141593 -4,002516 0,881618 6,283185 -4,040689 -1,595985 6,283185 -4,461267 -0,348643 6,283185 -5,736381 -0,019798 6,283185 4,580853 0,733811 3,141593 4,551279 0,250026 3,141593 4,570358 -0,315590 3,141593 1,934868 -2,023885 3,141593 0 1
3,964481 -0,821533 6,283185 4,221807 -0,086684 6,283185 4,455641 -0,721085 3,141593 5,802950 -0,532371 3,141593 -4,042141 -1,595985 6,283185 -4,003967 0,881618 6,283185 -4,462720 -0,348643 6,283185 -5,736381 -0,019798 6,283185 4,371445 -0,460363 3,141593 4,551279 0,250026 3,141593 4,841700 -1,921539 3,141593 4,580853 0,733811 3,141593 0 1
3,964481 -0,821533 6,283185 4,662175 -1,568648 6,283185 4,455641 -0,721085 3,141593 5,802950 -0,532371 3,141593 -4,042142 -1,595985 6,283185 -4,003968 0,881618 6,283185 -4,462719 -0,348643 6,283185 -5,736381 -0,019798 6,283185 4,371445 -0,460363 3,141593 4,551279 0,250026 3,141593 4,841700 -1,921539 3,141593 4,580853 0,733811 3,141593 0 1
3,964480 -0,821533 6,283185 4,759644 -1,254534 6,283185 4,455641 -0,721085 3,141593 5,802950 -0,532371 3,141593 -4,042141 -1,595985 6,283185 -4,003968 0,881618 6,283185 -4,462719 -0,348643 6,283185 -5,736381 -0,019798 6,283185 4,371445 -0,460363 3,141593 4,700866 -1,450102 3,141593 4,551279 0,250026 3,141593 4,580853 0,733811 3,141593 0 1
3,990010 0,759015 6,283185 4,488507 -0,183740 6,283185 4,580853 0,733811 3,141593 5,802950 -0,532371 3,141593 -4,003968 0,881618 6,283185 -4,042141 -1,595985 6,283185 -4,462719 -0,348643 6,283185 -5,736381 -0,019798 6,283185 4,551279 0,250026 3,141593 4,371445 -0,460363 3,141593 4,455641 -0,721085 3,141593 4,700866 -1,450102 3,141593 0 1
3,990010 0,759015 6,283185 4,488506 -0,183740 6,283185 4,580853 0,733811 3,141593 5,791945 0,125734 3,141593 -4,003968 0,881618 6,283185 -4,042141 -1,595985 6,283185 -4,462719 -0,348643 6,283185 -5,736381 -0,019798 6,283185 4,551279 0,250026 3,141593 4,371445 -0,460363 3,141593 4,455641 -0,721085 3,141593 4,700867 -1,450102 3,141593 0 1
3,990010 0,759015 6,283185 4,742921 1,312082 6,283185 4,100738 0,502120 3,141593 5,791946 0,125734 3,141593 -4,003968 0,881618 6,283185 -4,042141 -1,595985 6,283185 -4,462720 -0,348643 6,283185 -5,736381 -0,019798 6,283185 4,456124 0,649161 3,141593 4,371445 -0,460363 3,141593 4,455641 -0,721085 3,141593 4,700866 -1,450102 3,141593 0 1
3,990010 0,759015 6,283185 4,742921 1,312082 6,283185 4,456124 0,649161 3,141593 5,791945 0,125734 3,141593 -4,003968 0,881618 6,283185 -4,042141 -1,595985 6,283185 -4,462719 -0,348643 6,283185 -5,736381 -0,019798 6,283185 4,174923 0,266068 3,141593 4,371445 -0,460363 3,141593 4,455641 -0,721085 3,141593 4,700866 -1,450102 3,141593 0 1
3,990010 0,759015 6,283185 4,600076 2,182864 6,283185 4,456124 0,649161 3,141593 5,791946 0,125734 3,141593 -4,003968 0,881618 6,283185 -4,042141 -1,595985 6,283185 -4,462719 -0,348643 6,283185 -5,736381 -0,019798 6,283185 4,174923 0,266068 3,141593 4,371445 -0,460363 3,141593 4,455641 -0,721085 3,141593 4,700867 -1,450102 3,141593 0 1
3,990010 0,759015 6,283185 4,600077 2,182864 6,283185 4,456123 0,649161 3,141593 5,791946 0,125734 3,141593 -4,003968 0,881618 6,283185 -4,042141 -1,595985 6,283185 -4,462720 -0,348643 6,283185 -5,736381 -0,019798 6,283185 4,174923 0,266068 3,141593 4,371445 -0,460363 3,141593 4,326890 2,177408 3,141593 4,455641 -0,721085 3,141593 0 1
3,990010 0,759015 6,283185 4,600076 2,182864 6,283185 4,456124 0,649161 3,141593 5,791945 0,125734 3,141593 -4,003968 0,881618 6,283185 -4,042141 -1,595985 6,283185 -4,462719 -0,348643 6,283185 -5,736381 -0,019798 6,283185 4,174923 0,266068 3,141593 4,708850 0,913725 3,141593 4,707082 1,148814 3,141593 4,326890 2,177408 3,141593 0 1
3,990010 0,759015 6,283185 3,601005 1,760235 6,283185 4,456124 0,649161 3,141593 5,791945 0,125734 3,141593 -4,003968 0,881618 6,283185 -4,042141 -1,595985 6,283185 -4,462719 -0,348643 6,283185 -5,736381 -0,019798 6,283185 4,174923 0,266068 3,141593 4,708850 0,913725 3,141593 4,707081 1,148814 3,141593 4,326890 2,177408 3,141593 0 1
4,062059 1,249815 6,283185 3,583195 1,792320 6,283185 4,707082 1,148814 3,141593 5,791945 0,125734 3,141593 -4,003967 0,881618 6,283185 -4,042142 -1,595985 6,283185 -4,462719 -0,348643 6,283185 -5,736381 -0,019798 6,283185 4,456124 0,649161 3,141593 4,708850 0,913725 3,141593 4,326890 2,177408 3,141593 4,174923 0,266068 3,141593 0 1
4,062059 1,249816 6,283185 3,412749 -0,344698 6,283185 4,707082 1,148814 3,141593 5,791945 0,125734 3,141593 -4,003967 0,881618 6,283185 -4,042142 -1,595985 6,283185 -4,462719 -0,348643 6,283185 -5,736381 -0,019798 6,283185 4,456124 0,649161 3,141593 4,708850 0,913725 3,141593 4,326890 2,177408 3,141593 4,174923 0,266068 3,141593 0 1
3,874935 -0,126181 6,283185 5,121754 2,004478 6,283185 4,092316 1,056028 3,141593 5,677855 0,055650 3,141593 1,519809 -1,669484 6,283185 -2,532970 1,603268 6,283185 -2,768669 -1,239517 6,283185 -5,623202 -0,080183 6,283185 3,362925 -1,819334 3,141593 0,549075 0,000000 3,141593 0,888538 1,958061 3,141593 1,284018 3,033954 3,141593 1 0
3,879541 -0,177270 6,283185 4,309331 -1,448873 6,283185 4,520682 0,323279 3,141593 5,528806 -0,131167 3,141593 1,519809 -1,669484 6,283185 -2,532970 1,603268 6,283185 -2,768668 -1,239516 6,283185 -5,623202 -0,080183 6,283185 3,362925 -1,819334 3,141593 0,549075 -0,000000 3,141593 0,888538 1,958061 3,141593 1,284018 3,033954 3,141593 0 1
3,879542 -0,177270 6,283185 4,309331 -1,448873 6,283185 4,272757 -0,153488 3,141593 5,528807 -0,131167 3,141593 1,519809 -1,669484 6,283185 -2,532970 1,603268 6,283185 -2,768669 -1,239516 6,283185 -5,623201 -0,080183 6,283185 3,362924 -1,819334 3,141593 0,549075 -0,000000 3,141593 0,888538 1,958061 3,141593 1,284018 3,033954 3,141593 0 1
3,879541 -0,177270 6,283185 4,309331 -1,448873 6,283185 4,384338 -0,234981 3,141593 5,548438 0,288367 3,141593 1,519809 -1,669484 6,283185 -2,532970 1,603268 6,283185 -2,768669 -1,239517 6,283185 -5,623201 -0,080183 6,283185 4,376678 -0,067287 3,141593 3,362925 -1,819334 3,141593 0,549075 0,000000 3,141593 1,284018 3,033954 3,141593 0 1
3,464846 -0,099821 6,283185 4,217039 2,731622 6,283185 4,369953 -0,644421 3,141593 5,782902 0,271694 3,141593 -0,257224 2,289976 6,283185 -3,490518 -0,545983 6,283185 -3,646938 1,129099 6,283185 -5,761706 0,012034 6,283185 4,067748 0,964798 3,141593 2,505448 0,795072 3,141593 2,430046 -2,346458 3,141593 0,667685 -1,002286 3,141593 1 0
3,497025 -0,222170 6,283185 4,217039 2,731622 6,283185 4,369953 -0,644421 3,141593 5,507829 0,244994 3,141593 -0,257224 2,289976 6,283185 -3,490518 -0,545983 6,283185 -3,646938 1,129099 6,283185 -5,761706 0,012034 6,283185 4,067749 0,964798 3,141593 2,505447 0,795072 3,141593 2,430046 -2,346458 3,141593 0,667685 -1,002286 3,141593 1 0
3,495494 -0,222170 6,283185 4,215508 2,731622 6,283185 4,369953 -0,644421 3,141593 5,507830 0,244994 3,141593 -0,257224 2,289976 6,283185 -3,490519 -0,545983 6,283185 -3,648469 1,129099 6,283185 -5,763237 0,012034 6,283185 4,067749 0,964798 3,141593 2,505448 0,795072 3,141593 2,430045 -2,346459 3,141593 0,667685 -1,002286 3,141593 1 0
3,495494 -0,222170 6,283185 4,215508 2,731622 6,283185 4,288871 0,287794 3,141593 5,507830 0,244994 3,141593 -0,257224 2,289976 6,283185 -3,490519 -0,545983 6,283185 -3,648468 1,129099 6,283185 -5,763237 0,012034 6,283185 4,369953 -0,644421 3,141593 2,505448 0,795072 3,141593 2,430045 -2,346459 3,141593 0,667685 -1,002286 3,141593 1 0
3,495494 -0,222170 6,283185 4,215508 2,731622 6,283185 4,288871 0,287794 3,141593 5,507830 0,244994 3,141593 -0,257224 2,289976 6,283185 -2,832938 1,212163 6,283185 -3,490519 -0,545983 6,283185 -5,763237 0,012034 6,283185 4,438710 -0,456466 3,141593 2,505448 0,795072 3,141593 2,430045 -2,346459 3,141593 0,667685 -1,002286 3,141593 1 0
3,495494 -0,222170 6,283185 4,447790 2,085192 6,283185 4,433593 -0,016869 3,141593 5,507830 0,244994 3,141593 -0,257224 2,289976 6,283185 -2,832938 1,212163 6,283185 -3,490519 -0,545983 6,283185 -5,763237 0,012034 6,283185 4,438710 -0,456466 3,141593 2,505448 0,795072 3,141593 2,430045 -2,346459 3,141593 0,667685 -1,002286 3,141593 1 0
3,495494 -0,222170 6,283185 4,447790 2,085192 6,283185 4,433594 -0,016869 3,141593 5,507830 0,244994 3,141593 -0,257224 2,289976 6,283185 -2,832938 1,212163 6,283185 -3,490519 -0,545983 6,283185 -5,763237 0,012034 6,283185 4,453956 -0,304690 3,141593 2,505448 0,795072 3,141593 2,430045 -2,346459 3,141593 0,667685 -1,002286 3,141593 1 0
3,495494 -0,222170 6,283185 4,447791 2,085192 6,283185 4,429949 -0,127407 3,141593 5,507830 0,244994 3,141593 -0,257224 2,289976 6,283185 -2,832938 1,212163 6,283185 -3,490519 -0,545983 6,283185 -5,763237 0,012034 6,283185 4,453955 -0,304690 3,141593 2,505448 0,795072 3,141593 2,430045 -2,346459 3,141593 0,667685 -1,002286 3,141593 0 1
3,495494 -0,222170 6,283185 4,447790 2,085192 6,283185 4,290137 -0,171973 3,141593 5,507830 0,244994 3,141593 -0,257224 2,289976 6,283185 -2,832938 1,212163 6,283185 -3,490519 -0,545983 6,283185 -5,763237 0,012034 6,283185 4,453956 -0,304690 3,141593 2,505448 0,795072 3,141593 2,430045 -2,346459 3,141593 0,667685 -1,002286 3,141593 0 1
3,495494 -0,222170 6,283185 4,447791 2,085192 6,283185 4,212942 -0,322310 3,141593 5,507830 0,244994 3,141593 -0,257224 2,289976 6,283185 -2,832938 1,212163 6,283185 -3,490519 -0,545983 6,283185 -5,763237 0,012034 6,283185 4,290137 -0,171973 3,141593 2,505448 0,795072 3,141593 2,430045 -2,346459 3,141593 0,667685 -1,002286 3,141593 0 1
3,495494 -0,222170 6,283185 4,316257 1,441833 6,283185 4,212942 -0,322310 3,141593 5,507830 0,244994 3,141593 -0,257224 2,289976 6,283185 -2,832938 1,212163 6,283185 -3,490519 -0,545983 6,283185 -5,763237 0,012034 6,283185 4,290138 -0,171973 3,141593 2,505448 0,795072 3,141593 2,430045 -2,346459 3,141593 0,667685 -1,002286 3,141593 0 1
3,495494 -0,222170 6,283185 4,312017 1,474982 5,497787 4,212943 -0,322310 3,141593 5,507830 0,244994 3,141593 -0,257224 2,289976 6,283185 -2,832938 1,212163 6,283185 -3,490519 -0,545983 6,283185 -5,763237 0,012034 6,283185 4,290137 -0,171973 3,141593 2,505448 0,795072 3,141593 2,430045 -2,346459 3,141593 0,667685 -1,002286 3,141593 0 1
3,495494 -0,222170 6,283185 4,666498 1,797387 5,497787 4,212942 -0,322310 3,141593 5,507830 0,244994 3,141593 -0,257224 2,289976 6,283185 -2,832938 1,212163 6,283185 -3,490519 -0,545983 6,283185 -5,763237 0,012034 6,283185 4,290137 -0,171973 3,141593 2,505448 0,795072 3,141593 2,430045 -2,346459 3,141593 0,667685 -1,002286 3,141593 0 1
4,666498 1,797387 5,497787 3,495494 -0,222170 6,283185 4,290138 -0,171973 3,141593 5,507830 0,244994 3,141593 -0,257224 2,289976 6,283185 -2,832938 1,212163 6,283185 -3,490519 -0,545983 6,283185 -5,763237 0,012034 6,283185 4,212943 -0,322310 3,141593 2,505448 0,795072 3,141593 2,430045 -2,346459 3,141593 0,667685 -1,002286 3,141593 1 0
4,370030 1,514582 5,497787 3,495494 -0,222170 6,283185 4,290137 -0,171973 3,141593 5,507830 0,244994 3,141593 -0,257224 2,289976 6,283185 -2,832938 1,212163 6,283185 -3,490519 -0,545983 6,283185 -5,763237 0,012034 6,283185 4,212943 -0,322310 3,141593 2,505448 0,795072 3,141593 2,430045 -2,346459 3,141593 0,667685 -1,002286 3,141593 1 0
4,370030 1,514582 5,497787 3,495494 -0,222170 6,283185 4,943463 1,523703 3,141593 5,702126 0,524826 3,141593 -0,257224 2,289976 6,283185 -2,832938 1,212163 6,283185 -3,490519 -0,545983 6,283185 -5,763237 0,012034 6,283185 4,212943 -0,322310 3,141593 2,505448 0,795072 3,141593 2,430045 -2,346459 3,141593 0,667685 -1,002286 3,141593 1 0
4,370030 1,514582 5,497787 3,665754 0,045852 6,283185 4,943463 1,523703 3,141593 5,179237 0,734537 3,141593 -0,257224 2,289976 6,283185 -2,832938 1,212163 6,283185 -3,490519 -0,545983 6,283185 -5,763237 0,012034 6,283185 2,505448 0,795072 3,141593 4,150230 -0,790116 3,141593 2,430045 -2,346459 3,141593 0,667685 -1,002286 3,141593 0 1
4,370030 1,514582 5,497787 4,000221 -0,153995 6,283185 4,943463 1,523703 3,141593 5,179237 0,734537 3,141593 -0,257224 2,289976 6,283185 -2,832938 1,212163 6,283185 -3,490519 -0,545983 6,283185 -5,763238 0,012034 6,283185 2,505448 0,795072 3,141593 4,150231 -0,790116 3,141593 2,430045 -2,346459 3,141593 0,667685 -1,002286 3,141593 0 1
4,368949 1,515664 5,497787 3,998689 -0,153995 6,283185 4,943463 1,523703 3,141593 5,195561 -0,054692 3,141593 4,291015 -2,408978 0,959931 -2,834469 1,212163 6,283185 -3,492049 -0,545983 6,283185 -5,763237 0,012034 6,283185 2,505448 0,795072 3,141593 4,150230 -0,790116 3,141593 2,430045 -2,346459 3,141593 0,667685 -1,002286 3,141593 1 0
4,368949 1,515664 5,497787 4,113807 0,180387 6,283185 4,943463 1,523703 3,141593 5,242835 0,486507 3,141593 4,291016 -2,408978 0,959931 -2,834469 1,212163 6,283185 -3,492049 -0,545983 6,283185 -5,763237 0,012034 6,283185 2,505448 0,795072 3,141593 4,150230 -0,790116 3,141593 2,430045 -2,346459 3,141593 0,667685 -1,002286 3,141593 0 1
4,113808 0,180387 6,283185 4,818571 -1,568387 0,959931 4,628676 0,168208 3,141593 5,242835 0,486507 3,141593 3,571197 2,707431 5,497787 -2,834469 1,212163 6,283185 -3,492049 -0,545983 6,283185 -5,763237 0,012034 6,283185 4,943463 1,523703 3,141593 2,505448 0,795072 3,141593 2,430045 -2,346459 3,141593 0,667685 -1,002286 3,141593 0 1
4,818572 -1,568387 0,959931 4,113807 0,180387 6,283185 4,628676 0,168208 3,141593 5,242834 0,486507 3,141593 3,571197 2,707431 5,497787 -2,834469 1,212163 6,283185 -3,492049 -0,545983 6,283185 -5,763237 0,012034 6,283185 2,430045 -2,346459 3,141593 4,943463 1,523703 3,141593 2,505448 0,795072 3,141593 0,667685 -1,002286 3,141593 1 0
4,818572 -1,568387 0,959931 4,113806 0,180387 6,283185 4,628676 0,168208 3,141593 5,869882 -0,492807 3,141593 3,571197 2,707431 5,497787 -2,834469 1,212163 6,283185 -3,492049 -0,545983 6,283185 -5,763237 0,012034 6,283185 2,430045 -2,346459 3,141593 4,943463 1,523703 3,141593 2,505448 0,795072 3,141593 0,667685 -1,002286 3,141593 1 0
4,466890 -1,233022 0,959931 4,113807 0,180387 6,283185 4,628676 0,168208 3,141593 5,869882 -0,492807 3,141593 3,571197 2,707430 5,497787 -2,834469 1,212163 6,283185 -3,492049 -0,545983 6,283185 -5,763237 0,012034 6,283185 2,430045 -2,346459 3,141593 4,943463 1,523703 3,141593 2,505448 0,795072 3,141593 0,667685 -1,002286 3,141593 1 0
4,466891 -1,233022 0,959931 4,113808 0,180387 6,283185 4,703306 -1,029158 3,141593 5,283979 -0,404562 3,141593 3,571197 2,707431 5,497787 -2,834469 1,212163 6,283185 -3,492049 -0,545983 6,283185 -5,763237 0,012034 6,283185 2,430045 -2,346459 3,141593 4,943463 1,523703 3,141593 2,505448 0,795072 3,141593 0,667685 -1,002286 3,141593 0 1
3,406704 0,671810 6,283185 3,571197 2,707430 5,497787 2,505448 0,795072 3,141593 5,283979 -0,404562 3,141593 4,466891 -1,233022 0,959931 -2,834469 1,212163 6,283185 -3,492049 -0,545983 6,283185 -5,763237 0,012034 6,283185 4,943463 1,523703 3,141593 4,703305 -1,029158 3,141593 2,430045 -2,346459 3,141593 0,667685 -1,002286 3,141593 1 0
3,406703 0,671810 6,283185 3,571197 2,707431 5,497787 2,505448 0,795072 3,141593 5,283979 -0,404562 3,141593 4,466890 -1,233022 0,959931 -2,834469 1,212163 6,283185 -3,492049 -0,545983 6,283185 -5,763237 0,012034 6,283185 3,684948 2,210896 3,141593 4,703306 -1,029157 3,141593 2,430045 -2,346459 3,141593 0,667685 -1,002286 3,141593 1 0
3,406703 0,671811 6,283185 3,571197 2,707431 5,497787 2,505448 0,795072 3,141593 5,283979 -0,404562 3,141593 4,466890 -1,233022 0,959931 -2,834469 1,212163 6,283185 -3,492049 -0,545983 6,283185 -5,763237 0,012034 6,283185 4,490337 0,861670 3,141593 4,703306 -1,029157 3,141593 2,430045 -2,346459 3,141593 0,667685 -1,002286 3,141593 1 0
3,406703 0,671811 6,283185 3,571197 2,707430 5,497787 4,053837 0,285534 3,141593 5,283979 -0,404562 3,141593 4,466890 -1,233022 0,959931 -2,834469 1,212163 6,283185 -3,492049 -0,545983 6,283185 -5,763237 0,012034 6,283185 2,505448 0,795072 3,141593 4,703306 -1,029158 3,141593 2,430045 -2,346459 3,141593 0,667685 -1,002286 3,141593 1 0
3,406703 0,671810 6,283185 4,184177 1,952659 5,497787 3,894435 0,775333 3,141593 5,283979 -0,404562 3,141593 4,466891 -1,233022 0,959931 -2,834469 1,212163 6,283185 -3,492049 -0,545983 6,283185 -5,763237 0,012034 6,283185 3,917673 0,512814 3,141593 4,703306 -1,029157 3,141593 2,430045 -2,346459 3,141593 0,667685 -1,002286 3,141593 1 0
3,406704 0,671811 6,283185 4,184176 1,952659 5,497787 3,895724 0,672963 3,141593 5,283980 -0,404562 3,141593 4,466890 -1,233022 0,959931 -2,834469 1,212163 6,283185 -3,492049 -0,545983 6,283185 -5,763237 0,012034 6,283185 3,917673 0,512813 3,141593 4,703306 -1,029157 3,141593 2,430045 -2,346459 3,141593 0,667685 -1,002286 3,141593 0 1
3,427096 0,272594 6,283185 4,466890 -1,233022 0,959931 3,917672 0,512814 3,141593 5,283979 -0,404562 3,141593 4,184176 1,952659 5,497787 -2,834469 1,212163 6,283185 -3,492049 -0,545983 6,283185 -5,763237 0,012034 6,283185 3,895724 0,672963 3,141593 4,703305 -1,029157 3,141593 2,430045 -2,346459 3,141593 0,667685 -1,002286 3,141593 1 0
3,427096 0,272595 6,283185 3,897257 -1,176368 0,959931 4,192477 0,245872 3,132012 5,283980 -0,404562 3,141593 4,184177 1,952659 5,497787 -2,834469 1,212163 6,283185 -3,492049 -0,545983 6,283185 -5,763237 0,012034 6,283185 4,184690 0,099334 3,138535 4,204543 0,438955 3,144122 4,702444 -1,028894 3,141593 0,667685 -1,002286 3,141593 0 1
3,427096 0,272594 6,283185 3,897256 -1,176368 0,959931 4,056407 0,408337 3,144122 5,283980 -0,404562 3,141593 4,184176 1,952659 5,497787 -2,834469 1,212163 6,283185 -3,492049 -0,545983 6,283185 -5,763237 0,012034 6,283185 4,192476 0,245872 3,132012 4,184689 0,099334 3,138535 4,702443 -1,028895 3,141593 0,667685 -1,002286 3,141593 0 1
3,427096 0,272594 6,283185 3,897257 -1,176368 0,959931 4,056408 0,408337 3,144122 5,283980 -0,404562 3,141593 4,184177 1,952659 5,497787 -2,834469 1,212163 6,283185 -3,492049 -0,545983 6,283185 -5,763237 0,012034 6,283185 4,097268 0,240161 3,132012 4,110230 0,084221 3,138535 4,702444 -1,028894 3,141593 0,667685 -1,002286 3,141593 0 1
3,427096 0,272594 6,283185 4,449822 1,359876 5,497787 4,056407 0,408337 3,144122 5,283980 -0,404562 3,141593 3,897256 -1,176368 0,959931 -2,834469 1,212163 6,283185 -3,492049 -0,545983 6,283185 -5,763237 0,012034 6,283185 4,097267 0,240161 3,132012 4,110230 0,084221 3,138535 4,702444 -1,028895 3,141593 0,667685 -1,002286 3,141593 0 1
3,427096 0,272594 6,283185 4,067792 -0,794235 0,959931 4,056408 0,408337 3,144122 5,283979 -0,404562 3,141593 3,995287 1,836274 5,497787 -2,834469 1,212163 6,283185 -3,492049 -0,545983 6,283185 -5,763237 0,012034 6,283185 4,097268 0,240161 3,132012 4,110230 0,084221 3,138535 4,702444 -1,028894 3,141593 0,667685 -1,002286 3,141593 0 1
3,427096 0,272595 6,283185 4,067792 -0,794234 0,959931 3,946115 -0,027318 3,132012 5,283979 -0,404562 3,141593 3,995287 1,836274 5,497787 -2,834469 1,212163 6,283185 -3,492049 -0,545983 6,283185 -5,763237 0,012034 6,283185 4,373940 0,574785 3,144122 4,010398 1,535047 3,138535 4,702443 -1,028895 3,141593 0,667685 -1,002286 3,141593 1 0
4,209332 -2,114662 0,959931 3,427096 0,272595 6,283185 4,631559 -1,013098 3,141593 5,283979 -0,404562 3,141593 3,995287 1,836274 5,497787 -2,834469 1,212163 6,283185 -3,492049 -0,545983 6,283185 -5,763237 0,012034 6,283185 2,137681 -1,759017 3,141593 3,946116 -0,027318 3,132012 4,373941 0,574785 3,144122 4,010399 1,535047 3,138535 1 0
4,209332 -2,114662 0,959931 4,196030 0,217091 6,283185 4,666782 -1,677910 3,141593 5,283979 -0,404562 3,141593 3,995288 1,836274 5,497787 -2,834469 1,212163 6,283185 -3,492049 -0,545983 6,283185 -5,763237 0,012034 6,283185 3,764060 -0,644437 3,132012 2,137681 -1,759017 3,141593 4,373940 0,574785 3,144122 4,010399 1,535047 3,138535 0 1
4,209333 -2,114662 0,959931 4,196031 0,217091 6,283185 4,666783 -1,677910 3,141593 5,597260 0,159043 3,141593 3,995288 1,836274 5,497787 -2,834469 1,212163 6,283185 -3,492049 -0,545983 6,283185 -5,763237 0,012034 6,283185 3,764060 -0,644437 3,132012 2,137680 -1,759017 3,141593 4,373940 0,574785 3,144122 4,010399 1,535047 3,138535 1 0
4,209332 -2,114662 0,959931 4,196031 0,217091 6,283185 4,767670 -1,772501 3,141593 5,597260 0,159043 3,141593 3,995288 1,836274 5,497787 -2,834469 1,212163 6,283185 -3,492049 -0,545983 6,283185 -5,763237 0,012034 6,283185 3,764060 -0,644437 3,132012 2,137680 -1,759017 3,141593 4,373940 0,574785 3,144122 4,010399 1,535047 3,138535 1 0
4,209333 -2,114662 0,959931 4,255381 -0,367168 6,283185 4,767670 -1,772501 3,141593 5,597260 0,159043 3,141593 3,995287 1,836274 5,497787 -2,834469 1,212163 6,283185 -3,492049 -0,545983 6,283185 -5,763237 0,012034 6,283185 3,764059 -0,644437 3,132012 2,137680 -1,759017 3,141593 4,373941 0,574785 3,144122 4,010399 1,535047 3,138535 0 1
1,619506 -0,109641 6,283185 3,264025 -1,741027 6,283185 1,026729 -0,383650 3,141593 5,680794 0,255440 3,141593 3,132525 2,441779 6,283185 -2,769066 1,119324 6,283185 -3,408557 -1,300030 6,283185 -5,439620 0,255440 6,283185 2,861978 1,429390 3,141593 1,908572 -2,384295 3,141593 4,479336 -0,826882 3,141593 4,363649 1,245291 3,141593 1 0
2,149221 -0,114750 6,283185 3,264025 -1,741027 6,283185 1,026729 -0,383650 3,141593 5,680794 0,255440 3,141593 3,132525 2,441779 6,283185 -2,769065 1,119324 6,283185 -3,408557 -1,300030 6,283185 -5,439620 0,255440 6,283185 2,861978 1,429390 3,141593 1,908572 -2,384295 3,141593 4,479336 -0,826882 3,141593 4,363649 1,245291 3,141593 1 0
2,431593 -0,301072 6,283185 3,264024 -1,741027 6,283185 1,026729 -0,383650 3,141593 5,680794 0,255440 3,141593 3,132525 2,441779 6,283185 -2,769065 1,119324 6,283185 -3,408557 -1,300030 6,283185 -5,439621 0,255440 6,283185 2,861978 1,429390 3,141593 4,479336 -0,826882 3,141593 1,908572 -2,384295 3,141593 4,363649 1,245291 3,141593 1 0
2,472072 0,364880 6,283185 3,132525 2,441779 6,283185 2,861978 1,429390 3,141593 5,459826 -0,324048 3,141593 3,264025 -1,741027 6,283185 -2,769066 1,119324 6,283185 -3,408557 -1,300030 6,283185 -5,439620 0,255440 6,283185 1,026729 -0,383650 3,141593 4,363649 1,245291 3,141593 4,479336 -0,826882 3,141593 1,908572 -2,384295 3,141593 1 0
1,913630 0,421479 6,283185 3,132525 2,441779 6,283185 1,026729 -0,383650 3,141593 5,459825 -0,324048 3,141593 3,264024 -1,741027 6,283185 -2,769066 1,119324 6,283185 -3,408557 -1,300030 6,283185 -5,439621 0,255440 6,283185 2,861978 1,429390 3,141593 4,363649 1,245291 3,141593 1,908572 -2,384295 3,141593 4,479336 -0,826882 3,141593 1 0
4,003880 2,470535 5,585053 1,913630 0,421479 6,283185 4,363649 1,245291 3,141593 5,459826 -0,324048 3,141593 3,264024 -1,741027 6,283185 -2,769065 1,119324 6,283185 -3,408557 -1,300030 6,283185 -5,439621 0,255440 6,283185 2,861978 1,429390 3,141593 4,479336 -0,826882 3,141593 1,026729 -0,383650 3,141593 1,908572 -2,384295 3,141593 1 0
3,493228 2,847189 5,585053 1,913630 0,421479 6,283185 2,861978 1,429390 3,141593 5,459825 -0,324048 3,141593 3,264025 -1,741027 6,283185 -2,769066 1,119324 6,283185 -3,408557 -1,300030 6,283185 -5,439620 0,255440 6,283185 4,363649 1,245291 3,141593 4,479336 -0,826882 3,141593 1,026729 -0,383650 3,141593 1,908572 -2,384295 3,141593 1 0
3,493228 2,847189 5,585053 1,913630 0,421479 6,283185 2,861978 1,429390 3,141593 5,134244 0,056100 3,141593 3,264024 -1,741027 6,283185 -2,769065 1,119324 6,283185 -3,408557 -1,300030 6,283185 -5,439621 0,255440 6,283185 4,947720 2,117065 3,141593 4,479336 -0,826882 3,141593 1,026729 -0,383650 3,141593 1,908572 -2,384295 3,141593 1 0
3,016696 2,635098 5,585053 1,913630 0,421479 6,283185 2,861978 1,429390 3,141593 5,134243 0,056100 3,141593 3,264024 -1,741027 6,283185 -2,769065 1,119324 6,283185 -3,408557 -1,300030 6,283185 -5,439621 0,255440 6,283185 4,947720 2,117066 3,141593 1,026729 -0,383650 3,141593 4,479336 -0,826882 3,141593 1,908572 -2,384295 3,141593 1 0
3,016696 2,635098 5,585053 1,913630 0,421479 6,283185 3,660844 1,450141 3,141593 5,134243 0,056100 3,141593 3,264024 -1,741027 6,283185 -2,769065 1,119324 6,283185 -3,408557 -1,300030 6,283185 -5,439621 0,255440 6,283185 4,947721 2,117065 3,141593 1,026729 -0,383650 3,141593 4,479336 -0,826882 3,141593 1,908572 -2,384295 3,141593 1 0
3,016696 2,635099 5,585053 1,913630 0,421479 6,283185 3,673670 1,788369 3,141593 5,134243 0,056100 3,141593 3,264025 -1,741027 6,283185 -2,769065 1,119324 6,283185 -3,408557 -1,300030 6,283185 -5,439620 0,255440 6,283185 3,922327 2,015020 3,141593 1,026729 -0,383650 3,141593 4,479336 -0,826882 3,141593 1,908572 -2,384295 3,141593 1 0
3,016696 2,635098 5,585053 3,348225 0,656475 6,283185 3,666156 2,110558 3,132384 5,134243 0,056100 3,141593 3,264025 -1,741027 6,283185 -2,769066 1,119324 6,283185 -3,408557 -1,300030 6,283185 -5,439620 0,255440 6,283185 3,555266 1,958024 3,195826 1,026729 -0,383650 3,141593 4,479336 -0,826882 3,141593 1,908572 -2,384295 3,141593 0 1
3,239065 0,260470 6,283185 4,393754 -1,639408 0,523599 4,479336 -0,826882 3,141593 5,134243 0,056100 3,141593 3,012396 2,638706 5,585053 -2,774678 1,119324 6,283185 -3,408557 -1,300030 6,283185 -5,439621 0,255440 6,283185 3,555266 1,958023 3,195826 3,666156 2,110558 3,132384 1,026729 -0,383650 3,141593 1,908572 -2,384295 3,141593 1 0
3,239064 0,260470 6,283185 4,393755 -1,639408 0,523599 3,787660 0,419596 3,141593 5,134243 0,056100 3,141593 3,012396 2,638706 5,585053 -2,774678 1,119324 6,283185 -3,408557 -1,300030 6,283185 -5,439621 0,255440 6,283185 3,555266 1,958023 3,195826 3,666156 2,110558 3,132384 1,026729 -0,383650 3,141593 1,908572 -2,384295 3,141593 1 0
3,239065 0,260470 6,283185 4,393755 -1,639408 0,523599 3,617524 0,258324 3,141593 5,134243 0,056100 3,141593 3,012396 2,638706 5,585053 -2,774678 1,119324 6,283185 -3,408557 -1,300030 6,283185 -5,439621 0,255440 6,283185 3,555266 1,958023 3,195826 3,666156 2,110558 3,132384 1,026729 -0,383650 3,141593 1,908572 -2,384295 3,141593 0 1
4,075382 -1,579416 0,523599 3,239065 0,260470 6,283185 3,617524 0,258324 3,141593 5,134243 0,056100 3,141593 3,012396 2,638706 5,585053 -2,774678 1,119324 6,283185 -3,408557 -1,300030 6,283185 -5,439621 0,255440 6,283185 1,908572 -2,384295 3,141593 1,026729 -0,383650 3,141593 3,555266 1,958023 3,195826 3,666156 2,110558 3,132384 1 0
4,075381 -1,579416 0,523599 3,239065 0,260470 6,283185 3,617523 0,258324 3,141593 5,132408 -0,330433 3,141593 3,012397 2,638706 5,585053 -2,774678 1,119324 6,283185 -3,408557 -1,300030 6,283185 -5,439621 0,255440 6,283185 1,908572 -2,384295 3,141593 1,026729 -0,383650 3,141593 3,555266 1,958023 3,195826 3,666156 2,110558 3,132384 1 0
4,075381 -1,579416 0,523599 3,239064 0,260470 6,283185 4,612257 -1,588304 3,141593 5,132408 -0,330433 3,141593 3,012397 2,638706 5,585053 -2,774678 1,119324 6,283185 -3,408557 -1,300030 6,283185 -5,439621 0,255440 6,283185 3,617524 0,258324 3,141593 1,026729 -0,383650 3,141593 3,555266 1,958023 3,195826 3,666156 2,110558 3,132384 1 0
4,075381 -1,579416 0,523599 3,239065 0,260470 6,283185 4,612257 -1,588304 3,141593 5,137702 -0,775418 3,141593 3,012397 2,638706 5,585053 -2,774678 1,119324 6,283185 -3,408557 -1,300030 6,283185 -5,439621 0,255440 6,283185 3,617523 0,258324 3,141593 1,026729 -0,383650 3,141593 3,555266 1,958023 3,195826 3,666156 2,110558 3,132384 1 0
4,075382 -1,579416 0,523599 4,363557 0,464729 6,283185 4,612258 -1,588304 3,141593 5,137701 -0,775418 3,141593 3,012397 2,638706 5,585053 -2,774678 1,119324 6,283185 -3,408557 -1,300030 6,283185 -5,439621 0,255440 6,283185 3,617524 0,258324 3,141593 1,026729 -0,383650 3,141593 3,555266 1,958023 3,195826 3,666156 2,110558 3,132384 0 1
4,075382 -1,579416 0,523599 4,363557 0,464729 6,283185 4,625234 -1,421006 3,141593 5,137701 -0,775418 3,141593 3,012397 2,638706 5,585053 -2,774678 1,119324 6,283185 -3,408557 -1,300030 6,283185 -5,439621 0,255440 6,283185 3,617524 0,258324 3,141593 1,026729 -0,383650 3,141593 3,555266 1,958023 3,195826 3,666156 2,110558 3,132384 0 1
4,075381 -1,579416 0,523599 4,242231 0,062767 6,283185 4,625233 -1,421006 3,141593 5,137701 -0,775418 3,141593 3,012396 2,638706 5,585053 -2,774678 1,119324 6,283185 -3,408557 -1,300030 6,283185 -5,439621 0,255440 6,283185 3,617524 0,258324 3,141593 1,026729 -0,383650 3,141593 3,555266 1,958023 3,195826 3,666156 2,110558 3,132384 0 1
4,242231 0,062767 6,283185 4,075382 -1,579416 0,523599 3,617523 0,258324 3,141593 5,137702 -0,775418 3,141593 3,012396 2,638706 5,585053 -2,774678 1,119324 6,283185 -3,408557 -1,300030 6,283185 -5,439621 0,255440 6,283185 4,625233 -1,421006 3,141593 3,555266 1,958023 3,195826 3,666156 2,110558 3,132384 1,026729 -0,383650 3,141593 1 0
4,242231 0,062767 6,283185 4,075382 -1,579416 0,523599 3,617523 0,258324 3,141593 5,324898 -0,613139 3,141593 3,012396 2,638706 5,585053 -2,774678 1,119324 6,283185 -3,408557 -1,300030 6,283185 -5,439621 0,255440 6,283185 4,625233 -1,421006 3,141593 3,555266 1,958023 3,195826 3,666156 2,110558 3,132384 1,026729 -0,383650 3,141593 1 0
4,242230 0,062767 6,283185 4,075381 -1,579416 0,523599 3,617523 0,258324 3,141593 5,861520 -0,197570 3,141593 3,012397 2,638706 5,585053 -2,774678 1,119324 6,283185 -3,408557 -1,300030 6,283185 -5,439621 0,255440 6,283185 4,625233 -1,421006 3,141593 3,555266 1,958023 3,195826 3,666156 2,110558 3,132384 1,026729 -0,383650 3,141593 1 0
4,234534 0,216877 6,283185 4,075381 -1,579416 0,523599 3,617523 0,258324 3,141593 5,861521 -0,197570 3,141593 3,012397 2,638706 5,585053 -2,774678 1,119324 6,283185 -3,408557 -1,300030 6,283185 -5,439621 0,255440 6,283185 4,625233 -1,421006 3,141593 3,555266 1,958023 3,195826 3,666156 2,110558 3,132384 1,026729 -0,383650 3,141593 1 0
4,234534 0,216877 6,283185 4,075382 -1,579416 0,523599 4,663866 0,447681 3,141593 5,861522 -0,197570 3,141593 3,012397 2,638706 5,585053 -2,774678 1,119324 6,283185 -3,408557 -1,300030 6,283185 -5,439621 0,255440 6,283185 4,625233 -1,421006 3,141593 3,555266 1,958023 3,195826 3,666156 2,110558 3,132384 1,026729 -0,383650 3,141593 1 0
3,308774 0,125607 6,283185 4,075382 -1,579416 0,523599 4,663866 0,447680 3,141593 5,861520 -0,197570 3,141593 3,012397 2,638706 5,585053 -2,774678 1,119324 6,283185 -3,408557 -1,300030 6,283185 -5,439621 0,255440 6,283185 3,555266 1,958023 3,195826 3,666156 2,110558 3,132384 4,625233 -1,421006 3,141593 1,026729 -0,383650 3,141593 1 0
3,308774 0,125607 6,283185 4,075382 -1,579416 0,523599 4,299867 0,213555 3,141593 5,861521 -0,197570 3,141593 4,983783 1,692043 5,585053 -2,774678 1,119324 6,283185 -3,408557 -1,300030 6,283185 -5,439621 0,255440 6,283185 3,964340 0,957178 3,195826 3,666156 2,110558 3,132384 4,625234 -1,421006 3,141593 1,026729 -0,383650 3,141593 0 1
3,308774 0,125607 6,283185 4,075381 -1,579416 0,523599 4,299868 0,213555 3,141593 5,861521 -0,197570 3,141593 4,983783 1,692043 5,585053 -2,774678 1,119324 6,283185 -3,408557 -1,300030 6,283185 -5,439621 0,255440 6,283185 3,964341 0,957178 3,195826 3,863366 -1,235087 3,141593 3,666156 2,110558 3,132384 1,026729 -0,383650 3,141593 0 1
3,308774 0,125607 6,283185 4,075382 -1,579416 0,523599 3,964340 0,957178 3,195826 5,861521 -0,197570 3,141593 4,983784 1,692043 5,585053 -2,774678 1,119324 6,283185 -3,408557 -1,300030 6,283185 -5,439621 0,255440 6,283185 3,863367 -1,235087 3,141593 4,562468 1,463311 3,141593 3,666156 2,110558 3,132384 1,026729 -0,383650 3,141593 1 0
3,308775 0,125607 6,283185 4,075381 -1,579416 0,523599 4,113631 0,514125 3,195826 5,861521 -0,197570 3,141593 4,983783 1,692043 5,585053 -2,774678 1,119324 6,283185 -3,408557 -1,300030 6,283185 -5,439621 0,255440 6,283185 3,863366 -1,235087 3,141593 4,562467 1,463310 3,141593 3,666156 2,110558 3,132384 1,026729 -0,383650 3,141593 1 0
4,811574 1,611849 5,585053 3,308774 0,125607 6,283185 4,562467 1,463310 3,141593 5,861521 -0,197570 3,141593 4,075382 -1,579416 0,523599 -2,774678 1,119324 6,283185 -3,408557 -1,300030 6,283185 -5,439621 0,255440 6,283185 3,666156 2,110558 3,132384 4,113631 0,514125 3,195826 3,863367 -1,235087 3,141593 1,026729 -0,383650 3,141593 1 0
4,811575 1,611849 5,585053 3,308774 0,125607 6,283185 4,562468 1,463311 3,141593 5,405531 0,329767 3,141593 4,075381 -1,579416 0,523599 -2,774678 1,119324 6,283185 -3,408557 -1,300030 6,283185 -5,439621 0,255440 6,283185 3,666156 2,110558 3,132384 4,113630 0,514125 3,195826 3,863367 -1,235087 3,141593 1,026729 -0,383650 3,141593 1 0
4,811575 1,611849 5,585053 3,308775 0,125607 6,283185 4,562467 1,463311 3,141593 5,559847 0,945966 3,141593 4,075381 -1,579416 0,523599 -2,774678 1,119324 6,283185 -3,408557 -1,300030 6,283185 -5,439621 0,255440 6,283185 3,666156 2,110558 3,132384 4,113631 0,514125 3,195826 3,863366 -1,235087 3,141593 1,026729 -0,383650 3,141593 1 0
4,388378 -0,467958 6,283185 4,075381 -1,579416 0,523599 3,863366 -1,235087 3,141593 5,559846 0,945966 3,141593 4,811574 1,611849 5,585053 -2,774678 1,119324 6,283185 -3,408557 -1,300030 6,283185 -5,439621 0,255440 6,283185 4,113631 0,514125 3,195826 4,562468 1,463310 3,141593 3,666156 2,110558 3,132384 1,026729 -0,383650 3,141593 1 0
4,521239 0,117851 6,283185 4,811575 1,611849 5,585053 4,113631 0,514125 3,195826 5,319466 -0,404984 3,141593 4,075382 -1,579416 0,523599 -2,774678 1,119324 6,283185 -3,408557 -1,300030 6,283185 -5,439621 0,255440 6,283185 4,562467 1,463310 3,141593 3,863366 -1,235087 3,141593 3,666156 2,110558 3,132384 1,026729 -0,383650 3,141593 1 0
4,521238 0,117851 6,283185 4,811575 1,611849 5,585053 4,113631 0,514125 3,195826 5,204102 0,281331 3,141593 4,075382 -1,579416 0,523599 -2,774678 1,119324 6,283185 -3,408557 -1,300030 6,283185 -5,439621 0,255440 6,283185 4,562467 1,463310 3,141593 3,863367 -1,235087 3,141593 3,666156 2,110558 3,132384 1,026729 -0,383650 3,141593 1 0
4,521239 0,117851 6,283185 4,811575 1,611849 5,585053 4,113630 0,514125 3,195826 5,903311 0,275518 3,141593 4,075381 -1,579416 0,523599 -2,774678 1,119324 6,283185 -3,408557 -1,300030 6,283185 -5,439621 0,255440 6,283185 4,562468 1,463311 3,141593 3,863367 -1,235087 3,141593 3,666156 2,110558 3,132384 1,026729 -0,383650 3,141593 1 0
4,521239 0,117851 6,283185 4,811575 1,611849 5,585053 4,113630 0,514125 3,195826 5,137786 0,172678 3,141593 4,075382 -1,579416 0,523599 -2,774678 1,119324 6,283185 -3,408557 -1,300030 6,283185 -5,439621 0,255440 6,283185 4,562468 1,463310 3,141593 3,863367 -1,235087 3,141593 3,666156 2,110558 3,132384 1,026729 -0,383650 3,141593 1 0
4,521238 0,117851 6,283185 4,811575 1,611849 5,585053 4,113630 0,514125 3,195826 5,000162 0,225743 3,141593 4,075381 -1,579416 0,523599 -2,774678 1,119324 6,283185 -3,408557 -1,300030 6,283185 -5,439621 0,255440 6,283185 4,562468 1,463311 3,141593 3,863367 -1,235087 3,141593 3,666156 2,110558 3,132384 1,026729 -0,383650 3,141593 1 0
4,490775 -1,201531 0,523599 3,827107 -0,111839 6,283185 3,863367 -1,235087 3,141593 5,168891 -0,770656 3,141593 4,811574 1,611849 5,585053 -2,774678 1,119324 6,283185 -3,408557 -1,300030 6,283185 -5,439621 0,255440 6,283185 4,113631 0,514125 3,195826 4,562467 1,463310 3,141593 3,666156 2,110558 3,132384 1,026729 -0,383650 3,141593 1 0
4,490776 -1,201531 0,523599 3,827107 -0,111839 6,283185 3,863367 -1,235087 3,141593 5,779538 -0,465607 3,141593 4,811574 1,611849 5,585053 -2,774678 1,119324 6,283185 -3,408557 -1,300030 6,283185 -5,439621 0,255440 6,283185 4,113630 0,514125 3,195826 4,562468 1,463311 3,141593 3,666156 2,110558 3,132384 1,026729 -0,383650 3,141593 1 0
4,490775 -1,201531 0,523599 3,827107 -0,111839 6,283185 3,863367 -1,235087 3,141593 5,867413 -0,044483 3,141593 4,811574 1,611849 5,585053 -2,774678 1,119324 6,283185 -3,408557 -1,300030 6,283185 -5,439621 0,255440 6,283185 4,113631 0,514125 3,195826 4,562468 1,463311 3,141593 3,666156 2,110558 3,132384 1,026729 -0,383650 3,141593 1 0
3,152502 -2,274113 0,523599 3,926847 -0,261309 6,283185 3,985391 -1,612067 3,141593 5,867413 -0,044483 3,141593 4,811574 1,611849 5,585053 -3,408557 -1,300030 6,283185 -2,774678 1,119324 6,283185 -5,439621 0,255440 6,283185 3,522982 -0,339653 3,195826 1,026729 -0,383650 3,141593 4,562468 1,463311 3,141593 3,666156 2,110558 3,132384 0 1
3,000026 0,000000 6,283185 2,500927 0,783299 6,283185 2,800026 -0,300000 6,283185 4,436988 -0,038136 3,141593 1,026670 -0,595625 6,283185 -1,874381 0,775088 6,283185 -2,185908 -0,725240 6,283185 -3,599974 -0,000000 6,283185 2,999734 0,539639 3,141593 2,499975 -0,999991 2,792527 0,820236 0,106529 3,141593 -1,196676 0,036327 5,123652 1 0
1,974726 0,662829 5,936115 2,900005 -0,499974 1,396263 1,800023 0,699987 5,759586 4,436988 -0,038136 3,141593 1,026670 -0,595625 6,283185 -1,874381 0,775088 6,283185 -2,185907 -0,725240 6,283185 -3,599974 -0,000000 6,283185 2,899974 0,400000 3,141593 0,820236 0,106530 3,141593 2,491249 -0,840393 3,116818 -1,196676 0,036327 5,123652 0 1
2,900025 0,399991 5,934119 2,900005 -0,499974 1,396263 2,541822 0,633851 6,266031 4,436988 -0,038136 3,141593 1,026670 -0,595625 6,283185 -1,874381 0,775088 6,283185 -2,185907 -0,725240 6,283185 -3,599974 -0,000000 6,283185 1,800023 0,699987 5,759586 2,491249 -0,840393 3,116818 0,820236 0,106530 3,141593 -1,196676 0,036327 5,123652 1 0
3,000017 -0,599980 0,872664 2,400026 0,000000 6,283185 2,500026 -0,800000 6,283185 4,436988 -0,038136 3,141593 1,026670 -0,595625 6,283185 -1,874381 0,775088 6,283185 -2,185907 -0,725240 6,283185 -3,599974 -0,000000 6,283185 3,129727 0,401219 3,141593 1,800023 0,699987 5,759586 0,820236 0,106530 3,141593 -1,196676 0,036327 5,123652 1 0
2,794750 0,701911 5,934119 2,400026 0,000000 6,283185 3,000000 0,200026 1,570796 4,436988 -0,038136 3,141593 1,026670 -0,595625 6,283185 -1,875912 0,775088 6,283185 -2,185907 -0,725240 6,283185 -3,599974 0,000000 6,283185 1,800023 0,699987 5,759586 2,862210 -0,793517 6,283185 0,843745 0,128174 3,141593 -1,196676 0,036327 5,123652 1 0
1,237112 -0,362377 6,283185 2,399974 -0,400000 3,141593 2,599974 -0,400000 3,141593 4,439917 0,038072 3,141593 2,599977 0,599987 3,665191 -2,041567 0,668040 6,283185 -2,408133 -0,909184 6,283185 -4,411648 0,024851 6,283185 1,800025 0,899991 5,934119 -0,484774 -0,569869 3,141593 2,799974 0,400000 3,141593 -1,798848 0,095392 3,141593 0 1
0,500000 -0,999974 1,570796 0,400026 0,999995 6,108652 1,499974 0,000000 3,141593 4,470339 0,013663 3,141593 2,699974 -0,000000 3,141593 -2,557633 -0,717036 6,283185 -2,273638 0,941717 6,283185 -4,426054 -0,049008 6,283185 -1,410070 -1,236610 3,141593 2,841531 -0,495749 3,141593 -2,079706 0,121297 3,141593 2,997003 0,596195 3,141593 0 1
0,400026 0,999995 6,108652 1,399987 -0,299977 2,094395 1,599987 -0,599977 2,094395 4,470339 0,013663 3,141593 2,299974 0,900000 3,141593 -2,273638 0,941717 6,283185 -2,557633 -0,717036 6,283185 -4,426054 -0,049008 6,283185 2,997003 0,596195 3,141593 -2,079706 0,121297 3,141593 2,841531 -0,495749 3,141593 -1,410070 -1,236610 3,141593 0 1
0,400026 0,999995 6,108652 1,400752 -0,301303 2,094395 1,216434 0,270467 2,094395 4,470339 0,013663 3,141593 2,305587 0,900000 3,141593 -2,273638 0,941717 6,283185 -2,557633 -0,717036 6,283185 -4,427584 -0,049008 6,283185 2,997003 0,596195 3,141593 -2,079706 0,121297 3,141593 2,841531 -0,495749 3,141593 -1,410070 -1,236610 3,141593 0 1
0,508663 0,042545 6,125913 2,305587 0,900000 3,141593 1,699995 0,499974 4,520403 4,470339 0,013663 3,141593 2,499974 -0,600000 3,141593 -2,273638 0,941717 6,283185 -2,557633 -0,717036 6,283185 -4,427584 -0,049008 6,283185 -1,410070 -1,236610 3,141593 2,841531 -0,495749 3,141593 2,997003 0,596195 3,141593 -2,079706 0,121297 3,141593 0 1
2,400025 0,999991 5,934119 2,899991 -0,299975 1,919862 2,999975 0,700009 2,792527 4,400282 -0,198458 3,141593 0,214891 0,881939 6,283185 -1,610602 0,970954 6,283185 -2,678398 0,404107 6,283185 -3,597626 0,000000 6,283185 3,126320 -0,625923 3,141593 0,700025 -0,599991 0,349066 -1,028707 0,800067 3,141593 -2,517814 0,341484 3,141593 0 1
2,400025 0,999991 5,934119 1,600013 -0,199977 1,047197 2,999975 0,700009 2,792527 4,400282 -0,198458 3,141593 0,214891 0,881939 6,283185 -1,610602 0,970954 6,283185 -2,678398 0,404107 6,283185 -3,597626 0,000000 6,283185 3,126320 -0,625923 3,141593 0,700025 -0,599991 0,349066 -1,028707 0,800067 3,141593 -2,517814 0,341484 3,141593 1 0
0,900026 -0,000000 6,283185 2,801504 1,000000 3,141593 0,700025 -0,599991 0,349066 4,400282 -0,198458 3,141593 2,999974 -0,799995 2,967060 -1,610602 0,970954 6,283185 -2,678398 0,404107 6,283185 -3,597626 -0,000000 6,283185 2,799974 0,800000 3,141593 -1,028707 0,800067 3,141593 3,126320 -0,625923 3,141593 -2,517814 0,341484 3,141593 1 0
0,900026 -0,000000 6,283185 2,801504 1,000000 3,141593 1,999974 0,000000 3,141593 4,400282 -0,198458 3,141593 2,999974 -0,799995 2,967060 -1,610602 0,970954 6,283185 -2,678398 0,404107 6,283185 -3,597626 0,000000 6,283185 2,799974 0,800000 3,141593 -1,028707 0,800067 3,141593 3,126320 -0,625923 3,141593 -2,517814 0,341484 3,141593 0 1
2,500025 0,899993 6,021386 0,898496 -0,000000 6,283185 3,199974 0,600000 3,141593 4,400282 -0,198458 3,141593 1,999513 -0,905565 1,483530 -1,610602 0,970954 6,283185 -2,678398 0,404107 6,283185 -3,597626 -0,000000 6,283185 1,400025 -0,299991 0,349066 3,126320 -0,625923 3,141593 -1,028707 0,800067 3,141593 -2,517814 0,341484 3,141593 1 0
1,500023 0,899987 5,759586 0,896965 -0,000000 6,283185 1,400025 -0,299991 0,349066 4,400282 -0,198458 3,141593 2,799983 -0,599980 2,268928 -1,610602 0,970954 6,283185 -2,679929 0,404107 6,283185 -3,597626 0,000000 6,283185 3,199974 0,600000 3,141593 3,126320 -0,625923 3,141593 -1,028707 0,800067 3,141593 -2,517814 0,341484 3,141593 0 1
2,200026 0,300005 0,174533 2,799983 -0,599980 2,268928 1,400025 -0,299991 0,349066 4,400282 -0,198458 3,141593 0,896965 -0,000000 6,283185 -1,610602 0,970954 6,283185 -2,679929 0,404107 6,283185 -3,597626 -0,000000 6,283185 3,199974 0,600000 3,141593 3,126320 -0,625923 3,141593 -1,028707 0,800067 3,141593 -2,517814 0,341484 3,141593 1 0
2,945295 -0,081714 6,283185 1,409363 -0,438161 6,283185 2,500026 0,100000 6,283185 4,462609 -0,020104 3,141593 -1,497626 0,000000 6,283185 -2,274932 0,680838 6,283185 -2,505977 -0,809358 6,283185 -4,393218 0,006175 6,283185 1,500026 -1,000000 6,283185 1,499075 1,120000 3,141593 -1,045928 -0,660512 3,141593 -2,123324 0,155763 3,141593 1 0
2,500017 0,699980 5,410521 2,999983 -0,599980 2,268928 3,099975 0,200009 2,792527 4,462609 -0,020104 3,141593 0,531205 -0,007290 6,283185 -2,274932 0,680838 6,283185 -2,505977 -0,809358 6,283185 -4,393218 0,006175 6,283185 1,499075 1,120000 3,141593 1,999439 -0,382759 0,839980 -1,045928 -0,660512 3,141593 -2,123324 0,155763 3,141593 0 1
2,298518 0,700261 6,108652 1,998049 -0,502325 0,872664 3,099974 0,700000 3,141593 4,462609 -0,020104 3,141593 0,528144 -0,007290 6,283185 -2,277994 0,680838 6,283185 -2,507507 -0,809358 6,283185 -4,394747 0,006175 6,283185 3,099974 0,400000 3,141593 2,300017 -0,299980 0,872664 -1,045928 -0,660512 3,141593 -2,123324 0,155763 3,141593 1 0
2,298518 0,700261 6,108652 2,799991 -0,399975 1,919862 3,099974 0,700000 3,141593 4,462609 -0,020104 3,141593 0,528144 -0,007290 6,283185 -2,277994 0,680838 6,283185 -2,507507 -0,809358 6,283185 -4,394749 0,006175 6,283185 3,099974 0,400000 3,141593 2,300017 -0,299980 0,872664 -1,045928 -0,660512 3,141593 -2,123324 0,155763 3,141593 0 1
2,298519 0,700261 6,108652 1,800013 -0,399977 1,047197 3,099974 0,400000 3,141593 4,462609 -0,020104 3,141593 0,528144 -0,007290 6,283185 -2,277993 0,680838 6,283185 -2,507508 -0,809358 6,283185 -4,394748 0,006175 6,283185 2,200023 1,599987 5,759586 2,300017 -0,299980 0,872664 -1,045928 -0,660512 3,141593 -2,123324 0,155763 3,141593 1 0
2,800013 -0,399977 1,047197 1,800013 -0,399977 1,047197 2,300017 -0,299980 0,872664 4,462609 -0,020104 3,141593 0,528144 -0,007290 6,283185 -2,277993 0,680838 6,283185 -2,507508 -0,809358 6,283185 -4,394748 0,006175 6,283185 3,099974 0,400000 3,141593 2,200023 1,599987 5,759586 -1,045928 -0,660512 3,141593 -2,123324 0,155763 3,141593 1 0
2,000026 0,999995 6,108652 1,799248 -0,401303 1,047197 2,999974 1,000000 3,141593 4,462609 -0,020104 3,141593 0,526614 -0,007290 6,283185 -2,277993 0,680838 6,283185 -2,509038 -0,809358 6,283185 -4,396279 0,006175 6,283185 2,300017 -0,299980 0,872664 2,999983 -0,699980 2,268928 -1,045928 -0,660512 3,141593 -2,123324 0,155763 3,141593 1 0
2,000026 0,999995 6,108652 2,999980 0,300017 2,443461 2,999974 1,000000 3,141593 4,462609 -0,020104 3,141593 0,526614 -0,007290 6,283185 -2,277993 0,680838 6,283185 -2,509038 -0,809358 6,283185 -4,396279 0,006175 6,283185 2,300017 -0,299980 0,872664 2,999983 -0,699980 2,268928 -1,045928 -0,660512 3,141593 -2,123324 0,155763 3,141593 0 1
2,699486 0,298586 1,221730 3,799977 1,499987 3,665191 3,299974 0,300000 3,141593 4,462609 -0,020104 3,141593 0,525084 -0,007290 6,283185 -2,279524 0,680838 6,283185 -2,510568 -0,809358 6,283185 -4,397810 0,006175 6,283185 2,300017 -0,299980 0,872664 2,999983 -0,699980 2,268928 -1,045928 -0,660512 3,141593 -2,123324 0,155763 3,141593 0 1
3,200025 1,399991 5,934119 2,699486 0,298586 1,221730 3,299974 0,300000 3,141593 4,462609 -0,020104 3,141593 0,525083 -0,007290 6,283185 -2,279524 0,680838 6,283185 -2,510569 -0,809358 6,283185 -4,397810 0,006175 6,283185 2,300017 -0,299980 0,872664 2,999983 -0,699980 2,268928 -1,045928 -0,660512 3,141593 -2,123324 0,155763 3,141593 1 0
1,000026 1,500000 6,283185 0,525083 -0,007290 6,283185 2,499977 0,800013 2,617994 4,462609 -0,020104 3,141593 3,499974 1,500000 3,141593 -2,279524 0,680838 6,283185 -2,510569 -0,809358 6,283185 -4,397809 0,006175 6,283185 3,299974 0,300000 3,141593 2,999983 -0,699980 2,268928 -1,045928 -0,660512 3,141593 -2,123324 0,155763 3,141593 0 1
2,100026 0,599995 6,108652 2,999987 -0,699977 2,094395 2,999977 1,199987 3,665191 4,462609 -0,020104 3,141593 3,499974 1,500000 3,141593 -2,279524 0,680838 6,283185 -2,510569 -0,809358 6,283185 -4,397809 0,006175 6,283185 1,999977 -0,600013 3,665191 2,999987 -0,499977 2,094395 -1,045928 -0,660512 3,141593 -2,123324 0,155763 3,141593 1 0
1,000026 0,400000 6,283185 2,799974 0,400000 3,141593 1,599987 -0,299977 2,094395 4,462609 -0,020104 3,141593 2,999987 -0,699977 2,094395 -2,279524 0,680838 6,283185 -2,510569 -0,809358 6,283185 -4,397809 0,006175 6,283185 2,999974 0,400000 3,141593 2,999987 -0,499977 2,094395 -1,045928 -0,660512 3,141593 -2,123324 0,155763 3,141593 0 1

